lessons/derecho-2022/jet/velocity/narr_jet_500mb_20220512_1200z_NA_leaflet_velocity.json
{"header": {"parameterCategory": 2, "parameterNumber": 3, "parameterNumberName": "v-wind 500mb", "parameterUnit": "m/s", "nx": 141, "ny": 81, "lo1": -130.0, "la1": 60.0, "dx": 0.5, "dy": 0.5, "refTime": "2022-05-12T12:00:00", "gridUnits": "degrees"}, "data":
[rows 0 to 18 of 81, columns 44 to 87 of 141]
3.80975341796875,2.80975341796875,2.80975341796875,3.15350341796875,3.15350341796875,3.29412841796875,3.29412841796875,3.74725341796875,3.74725341796875,2.55975341796875,2.55975341796875,2.02850341796875,2.02850341796875,2.09100341796875,2.09100341796875,2.18475341796875,2.18475341796875,2.46600341796875,2.46600341796875,3.09100341796875,3.09100341796875,2.93475341796875,2.93475341796875,2.66912841796875,2.66912841796875,2.45037841796875,2.45037841796875,1.46600341796875,1.46600341796875,0.95037841796875,0.95037841796875,1.90350341796875,1.90350341796875,3.88787841796875,3.88787841796875,6.70037841796875,6.70037841796875,5.90350341796875,5.90350341796875,6.66912841796875,6.66912841796875,7.41912841796875,7.41912841796875,8.40350341796875
3.80975341796875,2.80975341796875,2.80975341796875,3.15350341796875,3.15350341796875,3.29412841796875,3.29412841796875,3.74725341796875,3.74725341796875,2.55975341796875,2.55975341796875,2.02850341796875,2.02850341796875,2.09100341796875,2.09100341796875,2.18475341796875,2.18475341796875,2.46600341796875,2.46600341796875,3.09100341796875,3.09100341796875,2.93475341796875,2.93475341796875,2.66912841796875,2.66912841796875,2.45037841796875,2.45037841796875,1.46600341796875,1.46600341796875,0.95037841796875,0.95037841796875,1.90350341796875,1.90350341796875,3.88787841796875,3.88787841796875,6.70037841796875,6.70037841796875,5.90350341796875,5.90350341796875,6.66912841796875,6.66912841796875,7.41912841796875,7.41912841796875,8.40350341796875
3.80975341796875,2.80975341796875,2.80975341796875,3.15350341796875,3.15350341796875,3.29412841796875,3.29412841796875,3.74725341796875,3.74725341796875,2.55975341796875,2.55975341796875,2.02850341796875,2.02850341796875,2.09100341796875,2.09100341796875,2.18475341796875,2.18475341796875,2.46600341796875,2.46600341796875,3.09100341796875,3.09100341796875,2.93475341796875,2.93475341796875,2.66912841796875,2.66912841796875,2.45037841796875,2.45037841796875,1.46600341796875,1.46600341796875,0.95037841796875,0.95037841796875,1.90350341796875,1.90350341796875,3.88787841796875,3.88787841796875,6.70037841796875,6.70037841796875,5.90350341796875,5.90350341796875,6.66912841796875,6.66912841796875,7.41912841796875,7.41912841796875,8.40350341796875
3.80975341796875,2.80975341796875,2.80975341796875,3.15350341796875,3.15350341796875,3.29412841796875,3.29412841796875,3.74725341796875,3.74725341796875,2.55975341796875,2.55975341796875,2.02850341796875,2.02850341796875,2.09100341796875,2.09100341796875,2.18475341796875,2.18475341796875,2.46600341796875,2.46600341796875,3.09100341796875,3.09100341796875,2.93475341796875,2.93475341796875,2.66912841796875,2.66912841796875,2.45037841796875,2.45037841796875,1.46600341796875,1.46600341796875,0.95037841796875,0.95037841796875,1.90350341796875,1.90350341796875,3.88787841796875,3.88787841796875,6.70037841796875,6.70037841796875,5.90350341796875,5.90350341796875,6.66912841796875,6.66912841796875,7.41912841796875,7.41912841796875,8.40350341796875
3.80975341796875,2.80975341796875,2.80975341796875,3.15350341796875,3.15350341796875,3.29412841796875,3.29412841796875,3.74725341796875,3.74725341796875,2.55975341796875,2.55975341796875,2.02850341796875,2.02850341796875,2.09100341796875,2.09100341796875,2.18475341796875,2.18475341796875,2.46600341796875,2.46600341796875,3.09100341796875,3.09100341796875,2.93475341796875,2.93475341796875,2.66912841796875,2.66912841796875,2.45037841796875,2.45037841796875,1.46600341796875,1.46600341796875,0.95037841796875,0.95037841796875,1.90350341796875,1.90350341796875,3.88787841796875,3.88787841796875,6.70037841796875,6.70037841796875,5.90350341796875,5.90350341796875,6.66912841796875,6.66912841796875,7.41912841796875,7.41912841796875,8.40350341796875
3.80975341796875,2.80975341796875,2.80975341796875,3.15350341796875,3.15350341796875,3.29412841796875,3.29412841796875,3.74725341796875,3.74725341796875,2.55975341796875,2.55975341796875,2.02850341796875,2.02850341796875,2.09100341796875,2.09100341796875,2.18475341796875,2.18475341796875,2.46600341796875,2.46600341796875,3.09100341796875,3.09100341796875,2.93475341796875,2.93475341796875,2.66912841796875,2.66912841796875,2.45037841796875,2.45037841796875,1.46600341796875,1.46600341796875,0.95037841796875,0.95037841796875,1.90350341796875,1.90350341796875,3.88787841796875,3.88787841796875,6.70037841796875,6.70037841796875,5.90350341796875,5.90350341796875,6.66912841796875,6.66912841796875,7.41912841796875,7.41912841796875,8.40350341796875
3.80975341796875,2.80975341796875,2.80975341796875,3.15350341796875,3.15350341796875,3.29412841796875,3.29412841796875,3.74725341796875,3.74725341796875,2.55975341796875,2.55975341796875,2.02850341796875,2.02850341796875,2.09100341796875,2.09100341796875,2.18475341796875,2.18475341796875,2.46600341796875,2.46600341796875,3.09100341796875,3.09100341796875,2.93475341796875,2.93475341796875,2.66912841796875,2.66912841796875,2.45037841796875,2.45037841796875,1.46600341796875,1.46600341796875,0.95037841796875,0.95037841796875,1.90350341796875,1.90350341796875,3.88787841796875,3.88787841796875,6.70037841796875,6.70037841796875,5.90350341796875,5.90350341796875,6.66912841796875,6.66912841796875,7.41912841796875,8.40350341796875,8.40350341796875
3.80975341796875,2.80975341796875,2.80975341796875,3.15350341796875,3.15350341796875,3.29412841796875,3.29412841796875,3.74725341796875,3.74725341796875,2.55975341796875,2.55975341796875,2.02850341796875,2.02850341796875,2.09100341796875,2.09100341796875,2.18475341796875,2.18475341796875,2.46600341796875,2.46600341796875,3.09100341796875,3.09100341796875,2.93475341796875,2.93475341796875,2.66912841796875,2.66912841796875,2.45037841796875,2.45037841796875,1.46600341796875,1.46600341796875,0.95037841796875,0.95037841796875,1.90350341796875,1.90350341796875,3.88787841796875,3.88787841796875,6.70037841796875,5.90350341796875,5.90350341796875,6.66912841796875,6.66912841796875,7.41912841796875,7.41912841796875,8.40350341796875,8.40350341796875
3.80975341796875,2.80975341796875,2.80975341796875,3.15350341796875,3.15350341796875,3.29412841796875,3.29412841796875,3.74725341796875,3.74725341796875,2.55975341796875,2.55975341796875,2.02850341796875,2.02850341796875,2.09100341796875,2.09100341796875,2.18475341796875,2.18475341796875,2.46600341796875,2.46600341796875,3.09100341796875,3.09100341796875,2.93475341796875,2.93475341796875,2.66912841796875,2.66912841796875,2.45037841796875,2.45037841796875,1.46600341796875,1.46600341796875,0.95037841796875,1.90350341796875,1.90350341796875,3.88787841796875,3.88787841796875,6.70037841796875,6.70037841796875,5.90350341796875,5.90350341796875,6.66912841796875,6.66912841796875,7.41912841796875,7.41912841796875,8.40350341796875,8.40350341796875
3.80975341796875,2.80975341796875,2.80975341796875,3.15350341796875,3.15350341796875,3.29412841796875,3.29412841796875,3.74725341796875,3.74725341796875,2.55975341796875,2.55975341796875,2.02850341796875,2.02850341796875,2.09100341796875,2.09100341796875,2.18475341796875,2.18475341796875,2.46600341796875,2.46600341796875,3.09100341796875,3.09100341796875,2.93475341796875,2.93475341796875,2.66912841796875,2.66912841796875,2.45037841796875,1.46600341796875,1.46600341796875,0.95037841796875,0.95037841796875,1.90350341796875,1.90350341796875,3.88787841796875,3.88787841796875,6.70037841796875,6.70037841796875,5.90350341796875,5.90350341796875,6.66912841796875,6.66912841796875,7.41912841796875,7.41912841796875,8.40350341796875,8.40350341796875
3.80975341796875,2.80975341796875,2.80975341796875,3.15350341796875,3.15350341796875,3.29412841796875,3.29412841796875,3.74725341796875,3.74725341796875,2.55975341796875,2.55975341796875,2.02850341796875,2.02850341796875,2.09100341796875,2.09100341796875,2.18475341796875,2.18475341796875,2.46600341796875,2.46600341796875,3.09100341796875,3.09100341796875,2.93475341796875,2.93475341796875,2.66912841796875,2.45037841796875,2.45037841796875,1.46600341796875,1.46600341796875,0.95037841796875,0.95037841796875,1.90350341796875,1.90350341796875,3.88787841796875,3.88787841796875,6.70037841796875,6.70037841796875,5.90350341796875,5.90350341796875,6.66912841796875,6.66912841796875,7.41912841796875,7.41912841796875,8.40350341796875,8.40350341796875
3.80975341796875,2.80975341796875,2.80975341796875,3.15350341796875,3.15350341796875,3.29412841796875,3.29412841796875,3.74725341796875,3.74725341796875,2.55975341796875,2.55975341796875,2.02850341796875,2.02850341796875,2.09100341796875,2.09100341796875,2.18475341796875,2.18475341796875,2.46600341796875,2.46600341796875,3.09100341796875,2.93475341796875,2.93475341796875,2.66912841796875,2.66912841796875,2.45037841796875,2.45037841796875,1.46600341796875,1.46600341796875,0.95037841796875,0.95037841796875,1.90350341796875,1.90350341796875,3.88787841796875,3.88787841796875,6.70037841796875,6.70037841796875,5.90350341796875,5.90350341796875,6.66912841796875,6.66912841796875,7.41912841796875,7.41912841796875,8.40350341796875,8.40350341796875
3.80975341796875,2.80975341796875,2.80975341796875,3.15350341796875,3.15350341796875,3.29412841796875,3.29412841796875,3.74725341796875,3.74725341796875,2.55975341796875,2.55975341796875,2.02850341796875,2.02850341796875,2.09100341796875,2.09100341796875,2.18475341796875,2.18475341796875,2.46600341796875,3.09100341796875,3.09100341796875,2.93475341796875,2.93475341796875,2.66912841796875,2.66912841796875,2.45037841796875,2.45037841796875,1.46600341796875,1.46600341796875,0.95037841796875,0.95037841796875,1.90350341796875,1.90350341796875,3.88787841796875,3.88787841796875,6.70037841796875,6.70037841796875,5.90350341796875,5.90350341796875,6.66912841796875,6.66912841796875,7.41912841796875,8.40350341796875,8.40350341796875,9.68475341796875
3.80975341796875,2.80975341796875,2.80975341796875,3.15350341796875,3.15350341796875,3.29412841796875,3.29412841796875,3.74725341796875,3.74725341796875,2.55975341796875,2.55975341796875,2.02850341796875,2.02850341796875,2.09100341796875,2.09100341796875,2.18475341796875,2.46600341796875,2.46600341796875,3.09100341796875,3.09100341796875,2.93475341796875,2.93475341796875,2.66912841796875,2.66912841796875,2.45037841796875,2.45037841796875,1.46600341796875,1.46600341796875,0.95037841796875,0.95037841796875,1.90350341796875,1.90350341796875,3.88787841796875,3.88787841796875,6.70037841796875,6.70037841796875,5.90350341796875,5.90350341796875,6.66912841796875,7.41912841796875,7.41912841796875,8.40350341796875,8.40350341796875,9.68475341796875
3.80975341796875,2.80975341796875,2.80975341796875,3.15350341796875,3.15350341796875,3.29412841796875,3.29412841796875,3.74725341796875,3.74725341796875,2.55975341796875,2.55975341796875,2.02850341796875,2.02850341796875,2.09100341796875,2.09100341796875,2.18475341796875,2.46600341796875,2.46600341796875,3.09100341796875,3.09100341796875,2.93475341796875,2.93475341796875,2.66912841796875,2.66912841796875,2.45037841796875,2.45037841796875,1.46600341796875,1.46600341796875,0.95037841796875,0.95037841796875,1.90350341796875,1.90350341796875,3.88787841796875,3.88787841796875,6.70037841796875,6.70037841796875,5.90350341796875,6.66912841796875,6.66912841796875,7.41912841796875,7.41912841796875,8.40350341796875,8.40350341796875,9.68475341796875
3.399763584136963,2.8730385303497314,2.8394289016723633,3.0189802646636963,3.1547892093658447,3.2300760746002197,3.302417516708374,3.55377459526062,3.2487072944641113,2.638324499130249,2.3280227184295654,2.053255558013916,2.02850341796875,2.09100341796875,2.18475341796875,2.18475341796875,2.46600341796875,2.46600341796875,3.09100341796875,3.09100341796875,2.93475341796875,2.93475341796875,2.66912841796875,2.66912841796875,2.45037841796875,2.45037841796875,1.46600341796875,1.46600341796875,0.95037841796875,0.95037841796875,1.90350341796875,1.90350341796875,3.88787841796875,6.70037841796875,6.70037841796875,5.90350341796875,5.90350341796875,6.66912841796875,6.66912841796875,7.41912841796875,7.41912841796875,8.40350341796875,8.40350341796875,9.68475341796875
2.5739879608154297,2.498802423477173,2.5865840911865234,2.7659952640533447,2.8887040615081787,3.0099525451660156,2.924009323120117,2.7546815872192383,2.5354766845703125,2.282315492630005,2.1194915771484375,1.9732201099395752,2.0413589477539062,2.155993700027466,2.7907497882843018,3.0571861267089844,3.3084564208984375,3.347933292388916,3.3167977333068848,3.4435412883758545,3.320173978805542,3.217372179031372,3.0426204204559326,2.5955429077148438,2.4840643405914307,2.0702691078186035,1.5938639640808105,1.46600341796875,0.95037841796875,0.95037841796875,1.90350341796875,3.88787841796875,3.88787841796875,6.70037841796875,6.70037841796875,5.90350341796875,5.90350341796875,6.66912841796875,6.66912841796875,7.41912841796875,7.41912841796875,8.40350341796875,8.40350341796875,9.68475341796875
2.4871041774749756,3.101780414581299,3.524596929550171,3.7398006916046143,3.609151601791382,3.265890598297119,3.035367965698242,2.7150487899780273,2.7615978717803955,2.7185702323913574,2.9142978191375732,2.9617865085601807,3.2585768699645996,3.413810968399048,3.8368170261383057,4.28792667388916,4.5102763175964355,4.952563762664795,5.124265670776367,4.565690517425537,4.301612377166748,3.9100935459136963,3.816906690597534,3.2226004600524902,2.508622407913208,1.7620389461517334,1.0891116857528687,0.19626908004283905,-0.11246357858181,0.9882142543792725,1.661918044090271,2.73686146736145,3.807952880859375,5.35003662109375,6.464561939239502,5.90350341796875,5.90350341796875,6.66912841796875,6.66912841796875,7.41912841796875,7.41912841796875,8.40350341796875,8.40350341796875,9.68475341796875
3.7071473598480225,4.266142845153809,4.548503398895264,4.561826705932617,3.87937331199646,2.8935279846191406,2.83075213432312,2.6834728717803955,3.136587381362915,3.38670015335083,4.032143592834473,4.293670654296875,4.640768051147461,5.205461025238037,6.020951747894287,6.328790187835693,6.498764514923096,6.300682067871094,6.9929022789001465,6.74823522567749,5.982797145843506,5.194023132324219,4.639917373657227,3.9044389724731445,2.9910264015197754,0.97589111328125,-0.15542668104171753,-1.112245798110962,-1.4146791696548462,-0.574837863445282,0.8925570845603943,2.080059051513672,2.9830379486083984,4.052102565765381,4.682531833648682,5.009958744049072,5.392306327819824,5.939611434936523,7.078168869018555,7.452326774597168,7.988327980041504,8.462407112121582,9.68475341796875,9.68475341796875
