lessons/derecho-2022/jet/velocity/narr_jet_500mb_20220512_0900z_NA_leaflet_velocity.json
{"header": {"parameterCategory": 2, "parameterNumber": 3, "parameterNumberName": "v-wind 500mb", "parameterUnit": "m/s", "nx": 141, "ny": 81, "lo1": -130.0, "la1": 60.0, "dx": 0.5, "dy": 0.5, "refTime": "2022-05-12T09:00:00", "gridUnits": "degrees"}, "data":
[rows 19 to 37 of 81, columns 86 to 128 of 141]
7.304259777069092,6.507727146148682,6.091222763061523,5.659067153930664,5.79654598236084,5.821258544921875,5.399383544921875,3.227508544921875,3.227508544921875,0.586883544921875,0.586883544921875,-0.803741455078125,-0.803741455078125,-1.709991455078125,-1.709991455078125,-2.866241455078125,-2.866241455078125,-3.334991455078125,-4.069366455078125,-4.069366455078125,-5.444366455078125,-5.444366455078125,-6.428741455078125,-6.428741455078125,-7.397491455078125,-9.038116455078125,-9.038116455078125,-9.038116455078125,-9.038116455078125,-9.038116455078125,-9.038116455078125,-9.038116455078125,-9.038116455078125,-9.038116455078125,-9.038116455078125,-9.038116455078125,-9.038116455078125,-9.038116455078125,-9.038116455078125,-9.038116455078125,-9.038116455078125,-9.038116455078125,-9.038116455078125
9.16405963897705,8.166090965270996,7.23870849609375,6.400964260101318,5.77510404586792,5.155523777008057,4.7878804206848145,3.941352367401123,3.0424413681030273,1.3880863189697266,0.586883544921875,-0.803741455078125,-0.803741455078125,-1.709991455078125,-2.866241455078125,-2.866241455078125,-3.334991455078125,-3.334991455078125,-4.069366455078125,-4.069366455078125,-5.444366455078125,-5.444366455078125,-6.428741455078125,-7.397491455078125,-7.397491455078125,-9.038116455078125,-9.038116455078125,-9.038116455078125,-9.038116455078125,-9.038116455078125,-9.038116455078125,-9.038116455078125,-9.038116455078125,-9.038116455078125,-9.038116455078125,-9.038116455078125,-9.038116455078125,-9.038116455078125,-9.038116455078125,-9.038116455078125,-9.038116455078125,-9.038116455078125,-9.038116455078125
10.358648300170898,9.351868629455566,8.058059692382812,6.503879070281982,5.841466426849365,5.209242820739746,4.571840763092041,3.6752636432647705,2.959801197052002,2.140319347381592,0.5656548738479614,-0.42874279618263245,-1.059675693511963,-1.6831787824630737,-2.866241455078125,-2.866241455078125,-3.334991455078125,-3.334991455078125,-4.069366455078125,-4.069366455078125,-5.444366455078125,-6.428741455078125,-6.428741455078125,-7.397491455078125,-7.397491455078125,-9.038116455078125,-9.038116455078125,-9.038116455078125,-9.038116455078125,-9.038116455078125,-9.038116455078125,-9.038116455078125,-9.038116455078125,-9.038116455078125,-9.038116455078125,-9.038116455078125,-9.038116455078125,-9.038116455078125,-9.038116455078125,-9.038116455078125,-9.038116455078125,-9.038116455078125,-9.038116455078125
11.468688011169434,10.604349136352539,9.511800765991211,8.006261825561523,5.855151176452637,5.274550437927246,4.701931476593018,4.1286301612854,3.433166742324829,2.6613407135009766,1.4858660697937012,-0.041474852710962296,-0.6497561931610107,-1.230270266532898,-1.8865267038345337,-2.7703800201416016,-3.1685705184936523,-3.6533701419830322,-4.069366455078125,-5.444366455078125,-5.444366455078125,-6.428741455078125,-6.428741455078125,-7.397491455078125,-7.397491455078125,-9.038116455078125,-9.038116455078125,-9.038116455078125,-9.038116455078125,-9.038116455078125,-9.038116455078125,-9.038116455078125,-9.038116455078125,-9.038116455078125,-9.038116455078125,-9.038116455078125,-9.038116455078125,-9.038116455078125,-9.038116455078125,-9.038116455078125,-9.038116455078125,-9.038116455078125,-9.038116455078125
14.183157920837402,11.788003921508789,10.319241523742676,9.082419395446777,7.049403667449951,5.326254844665527,4.630664348602295,3.9929044246673584,3.391061544418335,2.847783327102661,1.9951207637786865,0.7299073338508606,-0.3358381688594818,-1.0051803588867188,-1.5932576656341553,-2.327605962753296,-3.0253400802612305,-3.5359597206115723,-4.007567882537842,-4.7250447273254395,-5.620489597320557,-6.310277938842773,-6.428741455078125,-7.397491455078125,-9.038116455078125,-9.038116455078125,-9.038116455078125,-9.038116455078125,-9.038116455078125,-9.038116455078125,-9.038116455078125,-9.038116455078125,-9.038116455078125,-9.038116455078125,-9.038116455078125,-9.038116455078125,-9.038116455078125,-9.038116455078125,-9.038116455078125,-9.038116455078125,-9.038116455078125,-9.038116455078125,-9.038116455078125
17.11287498474121,13.169916152954102,10.944982528686523,8.699081420898438,7.649017810821533,6.221360683441162,4.720674991607666,3.539947271347046,2.742863416671753,2.290076494216919,1.6918545961380005,0.5573857426643372,-0.42136871814727783,-1.100837230682373,-1.5630754232406616,-2.107424020767212,-2.7664239406585693,-3.3227717876434326,-3.7438223361968994,-4.226353645324707,-5.1859354972839355,-5.9555439949035645,-6.570828437805176,-7.2255353927612305,-8.482476234436035,-9.038116455078125,-9.038116455078125,-9.038116455078125,-9.038116455078125,-9.038116455078125,-9.038116455078125,-9.038116455078125,-9.038116455078125,-9.038116455078125,-9.038116455078125,-9.038116455078125,-9.038116455078125,-9.038116455078125,-9.038116455078125,-9.038116455078125,-9.038116455078125,-9.038116455078125,-9.038116455078125
16.764726638793945,14.15110969543457,10.707791328430176,7.938230991363525,5.93815803527832,4.571156024932861,3.3130345344543457,2.3760242462158203,1.7971405982971191,0.986748218536377,0.5776037573814392,-0.009850451722741127,-0.6059309244155884,-1.3472063541412354,-1.7544169425964355,-2.0666465759277344,-2.490563154220581,-2.944286346435547,-3.3835291862487793,-3.816155433654785,-4.401411056518555,-5.385723114013672,-6.0520100593566895,-6.6769914627075195,-7.069366455078125,-9.038116455078125,-9.038116455078125,-9.038116455078125,-9.038116455078125,-9.038116455078125,-9.038116455078125,-9.038116455078125,-9.038116455078125,-9.038116455078125,-9.038116455078125,-9.038116455078125,-9.038116455078125,-9.038116455078125,-9.038116455078125,-9.038116455078125,-9.038116455078125,-9.038116455078125,-9.038116455078125
15.314360618591309,13.17115592956543,10.471783638000488,7.410553932189941,5.635863304138184,3.941702365875244,2.323514223098755,1.0259780883789062,0.4579189717769623,-0.10957994312047958,-0.6290570497512817,-0.7801593542098999,-1.1449919939041138,-1.5461030006408691,-1.986821174621582,-2.0752387046813965,-2.30741024017334,-2.59352445602417,-2.998563051223755,-3.3937320709228516,-3.963873863220215,-4.765134811401367,-5.587758541107178,-7.502076148986816,-6.084991455078125,-7.069366455078125,-7.069366455078125,-9.038116455078125,-9.038116455078125,-9.038116455078125,-9.038116455078125,-9.038116455078125,-9.038116455078125,-9.038116455078125,-9.038116455078125,-9.038116455078125,-9.038116455078125,-9.038116455078125,-9.038116455078125,-9.038116455078125,-9.038116455078125,-9.038116455078125,-9.038116455078125
13.461307525634766,11.673249244689941,9.2257719039917,6.89154577255249,4.873251438140869,3.6436164379119873,1.923303484916687,0.6702485680580139,-0.4255002737045288,-0.6142353415489197,-1.149000883102417,-1.4976588487625122,-1.8454326391220093,-1.983291745185852,-2.1386799812316895,-2.2386958599090576,-2.507103443145752,-2.5224897861480713,-2.920165777206421,-3.490720748901367,-4.130107879638672,-4.5851263999938965,-5.405847072601318,-5.616241455078125,-6.084991455078125,-6.084991455078125,-7.069366455078125,-7.069366455078125,-9.038116455078125,-9.038116455078125,-9.038116455078125,-9.038116455078125,-9.038116455078125,-9.038116455078125,-9.038116455078125,-9.038116455078125,-9.038116455078125,-9.038116455078125,-9.038116455078125,-9.038116455078125,-9.038116455078125,-9.038116455078125,-9.038116455078125
12.245497703552246,9.956543922424316,8.332749366760254,6.941633224487305,4.7246317863464355,2.983759641647339,1.9709371328353882,1.0232893228530884,-0.28336256742477417,-1.0886006355285645,-1.5041109323501587,-1.8862460851669312,-2.379708766937256,-2.6756768226623535,-2.741910219192505,-2.789879322052002,-3.0534346103668213,-3.2887985706329346,-3.5379130840301514,-3.989696741104126,-4.657487869262695,-5.142172813415527,-9.95056438446045,-5.616241455078125,-5.616241455078125,-6.084991455078125,-6.084991455078125,-6.084991455078125,-7.069366455078125,-7.069366455078125,-9.038116455078125,-9.038116455078125,-9.038116455078125,-9.038116455078125,-9.038116455078125,-9.038116455078125,-9.038116455078125,-9.038116455078125,-9.038116455078125,-9.038116455078125,-9.038116455078125,-9.038116455078125,-9.038116455078125
11.69723892211914,8.521382331848145,6.912412643432617,5.946127891540527,4.851591110229492,2.5578057765960693,1.391774296760559,0.4676505923271179,-0.5746047496795654,-1.458452582359314,-1.9298577308654785,-2.4566283226013184,-2.98258638381958,-3.444730281829834,-3.5576372146606445,-3.6912786960601807,-3.8388359546661377,-4.023896217346191,-4.320137977600098,-4.754172325134277,-5.181146144866943,-5.637369155883789,-5.506866455078125,-5.506866455078125,-5.506866455078125,-5.616241455078125,-5.616241455078125,-6.084991455078125,-6.084991455078125,-7.069366455078125,-7.069366455078125,-9.038116455078125,-9.038116455078125,-9.038116455078125,-9.038116455078125,-9.038116455078125,-9.038116455078125,-9.038116455078125,-9.038116455078125,-9.038116455078125,-9.038116455078125,-9.038116455078125,-9.038116455078125
9.200481414794922,7.654033184051514,5.801721096038818,4.75870943069458,3.7503249645233154,2.5395758152008057,0.9055556058883667,0.06268084794282913,-0.979796290397644,-1.874326467514038,-2.306513786315918,-2.7295594215393066,-3.500645875930786,-4.203811168670654,-4.382737159729004,-4.5846781730651855,-4.927714824676514,-5.083088397979736,-5.253744125366211,-5.510182857513428,-6.096859455108643,-10.262941360473633,-5.709991455078125,-5.709991455078125,-5.506866455078125,-5.506866455078125,-5.616241455078125,-5.616241455078125,-6.084991455078125,-6.084991455078125,-6.084991455078125,-7.069366455078125,-7.069366455078125,-9.038116455078125,-9.038116455078125,-9.038116455078125,-9.038116455078125,-9.038116455078125,-9.038116455078125,-9.038116455078125,-9.038116455078125,-9.038116455078125,-9.038116455078125
7.742396354675293,6.462042808532715,4.979853630065918,3.877073049545288,3.0244269371032715,1.6511844396591187,0.24184158444404602,-0.5518379807472229,-1.166409969329834,-2.3788299560546875,-2.981640100479126,-3.3247361183166504,-3.784237861633301,-4.888268947601318,-5.054440498352051,-5.128800868988037,-5.404980182647705,-6.053506374359131,-6.391308784484863,-6.430216312408447,-8.305312156677246,-6.491241455078125,-6.491241455078125,-5.709991455078125,-5.709991455078125,-5.506866455078125,-5.506866455078125,-5.506866455078125,-5.616241455078125,-5.616241455078125,-6.084991455078125,-6.084991455078125,-7.069366455078125,-7.069366455078125,-9.038116455078125,-9.038116455078125,-9.038116455078125,-9.038116455078125,-9.038116455078125,-9.038116455078125,-9.038116455078125,-9.038116455078125,-9.038116455078125
6.117985725402832,5.2192301750183105,3.474302053451538,2.232583522796631,1.3451107740402222,0.7662509083747864,-0.17924664914608002,-1.1116615533828735,-1.8894363641738892,-2.5493218898773193,-3.3977551460266113,-3.955052614212036,-4.348772048950195,-4.733493804931641,-5.290539741516113,-5.840987682342529,-5.910373687744141,-6.427089214324951,-6.873351573944092,-7.102912902832031,-11.097611427307129,-6.803741455078125,-6.491241455078125,-6.491241455078125,-6.491241455078125,-5.709991455078125,-5.709991455078125,-5.506866455078125,-5.506866455078125,-5.616241455078125,-5.616241455078125,-6.084991455078125,-6.084991455078125,-6.084991455078125,-7.069366455078125,-7.069366455078125,-9.038116455078125,-9.038116455078125,-9.038116455078125,-9.038116455078125,-9.038116455078125,-9.038116455078125,-9.038116455078125
4.655322074890137,3.339768171310425,2.4234726428985596,1.5332530736923218,0.6508365273475647,-0.039462268352508545,-0.4924912452697754,-1.1374610662460327,-2.433156728744507,-3.094815969467163,-3.7744603157043457,-4.477725982666016,-5.14993953704834,-5.41386079788208,-5.857938289642334,-6.363614082336426,-6.751438617706299,-7.123057842254639,-7.327083110809326,-11.143266677856445,-7.366241455078125,-7.366241455078125,-6.803741455078125,-6.803741455078125,-6.491241455078125,-6.491241455078125,-5.709991455078125,-5.709991455078125,-5.709991455078125,-5.506866455078125,-5.506866455078125,-5.616241455078125,-5.616241455078125,-6.084991455078125,-6.084991455078125,-7.069366455078125,-7.069366455078125,-9.038116455078125,-9.038116455078125,-9.038116455078125,-9.038116455078125,-9.038116455078125,-9.038116455078125
4.027680397033691,2.0583345890045166,1.5414553880691528,1.0220940113067627,0.8464311957359314,-0.09115349501371384,-0.6090584993362427,-1.5928170680999756,-2.790308952331543,-3.5782454013824463,-4.259003162384033,-5.051198482513428,-5.558433532714844,-5.930129528045654,-6.30584716796875,-6.993650436401367,-7.180422306060791,-7.475755214691162,-7.730762004852295,-12.107994079589844,-7.663116455078125,-7.366241455078125,-7.366241455078125,-6.803741455078125,-6.803741455078125,-6.803741455078125,-6.491241455078125,-6.491241455078125,-5.709991455078125,-5.709991455078125,-5.506866455078125,-5.506866455078125,-5.616241455078125,-5.616241455078125,-5.616241455078125,-6.084991455078125,-6.084991455078125,-7.069366455078125,-7.069366455078125,-9.038116455078125,-9.038116455078125,-9.038116455078125,-9.038116455078125
2.5561444759368896,1.667379379272461,1.2684682607650757,1.194345235824585,1.2211004495620728,0.5051620006561279,-0.5374324917793274,-2.1822292804718018,-3.2952840328216553,-4.045823574066162,-4.5436577796936035,-5.218447685241699,-6.20526123046875,-6.597895622253418,-6.795763969421387,-7.45932149887085,-8.134114265441895,-8.426177978515625,-11.508562088012695,-7.881866455078125,-7.663116455078125,-7.663116455078125,-7.663116455078125,-7.366241455078125,-7.366241455078125,-6.803741455078125,-6.803741455078125,-6.491241455078125,-6.491241455078125,-6.491241455078125,-5.709991455078125,-5.709991455078125,-5.506866455078125,-5.506866455078125,-5.616241455078125,-5.616241455078125,-6.084991455078125,-6.084991455078125,-7.069366455078125,-7.069366455078125,-9.038116455078125,-9.038116455078125,-9.038116455078125
1.6095752716064453,1.241181492805481,1.11249577999115,1.307574987411499,1.3931362628936768,0.6055766344070435,-0.9911136627197266,-2.7882349491119385,-3.764122724533081,-4.762958526611328,-5.167196273803711,-5.639153480529785,-6.487116813659668,-7.363945484161377,-7.909111976623535,-8.357076644897461,-9.12415599822998,-9.568355560302734,-12.920501708984375,-9.303741455078125,-7.881866455078125,-7.881866455078125,-7.663116455078125,-7.663116455078125,-7.366241455078125,-7.366241455078125,-7.366241455078125,-6.803741455078125,-6.803741455078125,-6.491241455078125,-6.491241455078125,-5.709991455078125,-5.709991455078125,-5.506866455078125,-5.506866455078125,-5.506866455078125,-5.616241455078125,-5.616241455078125,-6.084991455078125,-6.084991455078125,-7.069366455078125,-7.069366455078125,-9.038116455078125
0.805096447467804,0.5939288139343262,0.6863275766372681,1.1056181192398071,0.930279016494751,0.2637418806552887,-1.8155150413513184,-3.585022449493408,-4.279211521148682,-4.908966541290283,-5.599796772003174,-6.504374027252197,-7.0301666259765625,-7.968406677246094,-9.25214958190918,-9.957003593444824,-10.370285034179688,-11.409202575683594,-10.194366455078125,-9.303741455078125,-9.303741455078125,-7.881866455078125,-7.881866455078125,-7.881866455078125,-7.663116455078125,-7.663116455078125,-7.366241455078125,-7.366241455078125,-7.366241455078125,-6.803741455078125,-6.803741455078125,-6.491241455078125,-6.491241455078125,-5.709991455078125,-5.709991455078125,-5.506866455078125,-5.506866455078125,-5.616241455078125,-5.616241455078125,-6.084991455078125,-6.084991455078125,-7.069366455078125,-7.069366455078125
