lessons/derecho-2022/jet/velocity/narr_jet_500mb_20220512_1800z_NA_leaflet_velocity.json
{"header": {"parameterCategory": 2, "parameterNumber": 2, "parameterNumberName": "u-wind 500mb", "parameterUnit": "m/s", "nx": 141, "ny": 81, "lo1": -130.0, "la1": 60.0, "dx": 0.5, "dy": 0.5, "refTime": "2022-05-12T18:00:00", "gridUnits": "degrees"}, "data":
[rows 38 to 56 of 81, columns 88 to 131 of 141]
-1.5664433240890503,-2.0729026794433594,-4.201812744140625,-5.1224684715271,-6.232800006866455,-7.674007892608643,-9.22712230682373,-9.741743087768555,-10.664031028747559,-12.027793884277344,-12.907934188842773,-13.6158447265625,-14.612554550170898,-15.61607551574707,-15.49927043914795,5.8552985191345215,-13.62994384765625,-13.62994384765625,-13.62994384765625,-12.19244384765625,-12.19244384765625,-8.86431884765625,-8.86431884765625,-8.86431884765625,-6.78619384765625,-6.78619384765625,-4.50494384765625,-4.50494384765625,0.08880615234375,0.08880615234375,2.74505615234375,2.74505615234375,2.74505615234375,7.41693115234375,7.41693115234375,9.71380615234375,9.71380615234375,13.83880615234375,13.83880615234375,15.57318115234375,15.57318115234375,18.49505615234375,19.91693115234375,19.91693115234375
-3.9265191555023193,-4.503364562988281,-5.776920318603516,-6.91555118560791,-7.990822792053223,-9.152425765991211,-10.157600402832031,-11.004487991333008,-12.290199279785156,-13.260724067687988,-14.044652938842773,-15.462608337402344,-16.44672393798828,-17.007022857666016,-5.032116889953613,-17.17681884765625,-16.22369384765625,-16.22369384765625,-13.62994384765625,-13.62994384765625,-13.62994384765625,-12.19244384765625,-12.19244384765625,-8.86431884765625,-8.86431884765625,-6.78619384765625,-6.78619384765625,-6.78619384765625,-4.50494384765625,-4.50494384765625,0.08880615234375,0.08880615234375,2.74505615234375,2.74505615234375,7.41693115234375,7.41693115234375,9.71380615234375,9.71380615234375,13.83880615234375,13.83880615234375,15.57318115234375,15.57318115234375,18.49505615234375,18.49505615234375
-5.387290000915527,-6.553006172180176,-7.428703784942627,-8.059236526489258,-9.053145408630371,-10.38680362701416,-11.409625053405762,-12.114702224731445,-13.53476619720459,-14.890178680419922,-15.793886184692383,-16.77054214477539,-17.69044303894043,-16.688322067260742,4.599498271942139,-17.17681884765625,-17.17681884765625,-16.22369384765625,-16.22369384765625,-16.22369384765625,-13.62994384765625,-13.62994384765625,-12.19244384765625,-12.19244384765625,-12.19244384765625,-8.86431884765625,-8.86431884765625,-6.78619384765625,-6.78619384765625,-4.50494384765625,-4.50494384765625,-4.50494384765625,0.08880615234375,0.08880615234375,2.74505615234375,2.74505615234375,7.41693115234375,7.41693115234375,9.71380615234375,9.71380615234375,13.83880615234375,13.83880615234375,15.57318115234375,15.57318115234375
-7.311309337615967,-7.96858549118042,-8.887630462646484,-9.717315673828125,-10.244902610778809,-11.196595191955566,-12.265056610107422,-13.414799690246582,-14.373820304870605,-15.435535430908203,-16.808103561401367,-17.68471336364746,-18.20393180847168,-5.911691188812256,-18.39556884765625,-18.39556884765625,-18.39556884765625,-17.17681884765625,-17.17681884765625,-16.22369384765625,-16.22369384765625,-16.22369384765625,-13.62994384765625,-13.62994384765625,-12.19244384765625,-12.19244384765625,-12.19244384765625,-8.86431884765625,-8.86431884765625,-6.78619384765625,-6.78619384765625,-4.50494384765625,-4.50494384765625,0.08880615234375,0.08880615234375,0.08880615234375,2.74505615234375,2.74505615234375,7.41693115234375,7.41693115234375,9.71380615234375,13.83880615234375,13.83880615234375,15.57318115234375
-8.705764770507812,-9.206220626831055,-9.71095085144043,-10.33197021484375,-11.12817096710205,-12.251553535461426,-12.927908897399902,-14.119782447814941,-15.520709037780762,-16.518966674804688,-17.350435256958008,-18.050308227539062,-17.347856521606445,3.2586612701416016,-18.44244384765625,-18.44244384765625,-18.39556884765625,-18.39556884765625,-18.39556884765625,-17.17681884765625,-17.17681884765625,-16.22369384765625,-16.22369384765625,-16.22369384765625,-13.62994384765625,-13.62994384765625,-12.19244384765625,-12.19244384765625,-12.19244384765625,-8.86431884765625,-8.86431884765625,-6.78619384765625,-6.78619384765625,-4.50494384765625,-4.50494384765625,0.08880615234375,0.08880615234375,2.74505615234375,2.74505615234375,7.41693115234375,7.41693115234375,9.71380615234375,9.71380615234375,13.83880615234375
-9.52077579498291,-10.043977737426758,-10.84288215637207,-11.228554725646973,-11.963441848754883,-13.157445907592773,-14.185261726379395,-15.117966651916504,-16.365432739257812,-17.347667694091797,-17.997827529907227,-18.308557510375977,-6.7520623207092285,-18.53619384765625,-18.53619384765625,-18.53619384765625,-18.44244384765625,-18.44244384765625,-18.39556884765625,-18.39556884765625,-18.39556884765625,-17.17681884765625,-17.17681884765625,-16.22369384765625,-16.22369384765625,-16.22369384765625,-13.62994384765625,-13.62994384765625,-12.19244384765625,-12.19244384765625,-8.86431884765625,-8.86431884765625,-8.86431884765625,-6.78619384765625,-6.78619384765625,-4.50494384765625,-4.50494384765625,0.08880615234375,0.08880615234375,2.74505615234375,2.74505615234375,7.41693115234375,7.41693115234375,9.71380615234375
-10.337368965148926,-10.7974853515625,-11.340458869934082,-11.837970733642578,-12.645084381103516,-13.745816230773926,-14.587883949279785,-15.710461616516113,-16.978839874267578,-17.762130737304688,-18.11658477783203,-18.148263931274414,1.7870079278945923,-18.47369384765625,-18.47369384765625,-18.53619384765625,-18.53619384765625,-18.53619384765625,-18.44244384765625,-18.44244384765625,-18.39556884765625,-18.39556884765625,-18.39556884765625,-17.17681884765625,-17.17681884765625,-16.22369384765625,-16.22369384765625,-16.22369384765625,-13.62994384765625,-13.62994384765625,-12.19244384765625,-12.19244384765625,-8.86431884765625,-8.86431884765625,-6.78619384765625,-6.78619384765625,-4.50494384765625,-4.50494384765625,-4.50494384765625,0.08880615234375,0.08880615234375,2.74505615234375,7.41693115234375,7.41693115234375
-10.538898468017578,-11.009963989257812,-11.659255027770996,-12.178914070129395,-12.973583221435547,-14.088306427001953,-15.169713020324707,-16.085447311401367,-17.099611282348633,-18.114072799682617,-17.935949325561523,-7.430613040924072,-18.20806884765625,-18.20806884765625,-18.47369384765625,-18.47369384765625,-18.47369384765625,-18.53619384765625,-18.53619384765625,-18.53619384765625,-18.44244384765625,-18.44244384765625,-18.39556884765625,-18.39556884765625,-18.39556884765625,-17.17681884765625,-17.17681884765625,-16.22369384765625,-16.22369384765625,-13.62994384765625,-13.62994384765625,-13.62994384765625,-12.19244384765625,-12.19244384765625,-8.86431884765625,-8.86431884765625,-6.78619384765625,-6.78619384765625,-4.50494384765625,-4.50494384765625,0.08880615234375,0.08880615234375,2.74505615234375,2.74505615234375
-10.576655387878418,-11.009851455688477,-11.564330101013184,-12.435853958129883,-13.075103759765625,-13.832406997680664,-15.226324081420898,-16.352338790893555,-17.06180763244629,-17.556015014648438,-17.634130477905273,0.315354585647583,-17.84869384765625,-17.84869384765625,-18.20806884765625,-18.20806884765625,-18.47369384765625,-18.47369384765625,-18.47369384765625,-18.53619384765625,-18.53619384765625,-18.53619384765625,-18.44244384765625,-18.44244384765625,-18.39556884765625,-18.39556884765625,-18.39556884765625,-17.17681884765625,-17.17681884765625,-16.22369384765625,-16.22369384765625,-13.62994384765625,-13.62994384765625,-13.62994384765625,-12.19244384765625,-12.19244384765625,-8.86431884765625,-8.86431884765625,-6.78619384765625,-6.78619384765625,-4.50494384765625,-4.50494384765625,0.08880615234375,0.08880615234375
-10.350796699523926,-10.813361167907715,-11.277021408081055,-12.092432022094727,-12.992258071899414,-13.811864852905273,-14.797911643981934,-16.23279571533203,-16.905214309692383,-16.867753982543945,-8.46209716796875,-17.48931884765625,-17.48931884765625,-17.84869384765625,-17.84869384765625,-17.84869384765625,-18.20806884765625,-18.20806884765625,-18.20806884765625,-18.47369384765625,-18.47369384765625,-18.53619384765625,-18.53619384765625,-18.53619384765625,-18.44244384765625,-18.44244384765625,-18.39556884765625,-18.39556884765625,-18.39556884765625,-17.17681884765625,-17.17681884765625,-16.22369384765625,-16.22369384765625,-13.62994384765625,-13.62994384765625,-12.19244384765625,-12.19244384765625,-12.19244384765625,-8.86431884765625,-8.86431884765625,-6.78619384765625,-6.78619384765625,-4.50494384765625,-4.50494384765625
-9.885321617126465,-10.537993431091309,-10.99535846710205,-11.4988431930542,-12.641128540039062,-13.595656394958496,-14.496124267578125,-15.628896713256836,-16.38104248046875,-16.284353256225586,-1.0966522693634033,-16.55181884765625,-16.55181884765625,-17.48931884765625,-17.48931884765625,-17.84869384765625,-17.84869384765625,-17.84869384765625,-18.20806884765625,-18.20806884765625,-18.20806884765625,-18.47369384765625,-18.47369384765625,-18.53619384765625,-18.53619384765625,-18.53619384765625,-18.44244384765625,-18.44244384765625,-18.39556884765625,-18.39556884765625,-18.39556884765625,-17.17681884765625,-17.17681884765625,-16.22369384765625,-16.22369384765625,-13.62994384765625,-13.62994384765625,-12.19244384765625,-12.19244384765625,-8.86431884765625,-8.86431884765625,-8.86431884765625,-6.78619384765625,-4.50494384765625
-9.579156875610352,-10.15467643737793,-10.70169734954834,-11.198474884033203,-12.020856857299805,-13.18765640258789,-14.02331829071045,-14.851522445678711,-15.108957290649414,-9.164267539978027,-15.95806884765625,-15.95806884765625,-16.55181884765625,-16.55181884765625,-16.55181884765625,-17.48931884765625,-17.48931884765625,-17.84869384765625,-17.84869384765625,-17.84869384765625,-18.20806884765625,-18.20806884765625,-18.20806884765625,-18.47369384765625,-18.47369384765625,-18.53619384765625,-18.53619384765625,-18.53619384765625,-18.44244384765625,-18.44244384765625,-18.39556884765625,-18.39556884765625,-18.39556884765625,-17.17681884765625,-17.17681884765625,-16.22369384765625,-16.22369384765625,-13.62994384765625,-13.62994384765625,-12.19244384765625,-12.19244384765625,-8.86431884765625,-8.86431884765625,-6.78619384765625
-9.515942573547363,-9.912735939025879,-10.582730293273926,-11.05056095123291,-11.628192901611328,-12.630481719970703,-13.296208381652832,-13.840546607971191,-13.910484313964844,-2.502009391784668,-14.19244384765625,-15.95806884765625,-15.95806884765625,-15.95806884765625,-16.55181884765625,-16.55181884765625,-16.55181884765625,-17.48931884765625,-17.48931884765625,-17.48931884765625,-17.84869384765625,-17.84869384765625,-18.20806884765625,-18.20806884765625,-18.20806884765625,-18.47369384765625,-18.47369384765625,-18.53619384765625,-18.53619384765625,-18.53619384765625,-18.44244384765625,-18.44244384765625,-18.39556884765625,-18.39556884765625,-18.39556884765625,-17.17681884765625,-17.17681884765625,-16.22369384765625,-16.22369384765625,-13.62994384765625,-13.62994384765625,-12.19244384765625,-12.19244384765625,-8.86431884765625
-9.476033210754395,-9.935891151428223,-10.524079322814941,-10.963850021362305,-11.43131160736084,-12.330842018127441,-12.621487617492676,-12.504473686218262,-10.14199161529541,-13.20806884765625,-13.20806884765625,-14.19244384765625,-14.19244384765625,-14.19244384765625,-15.95806884765625,-15.95806884765625,-16.55181884765625,-16.55181884765625,-16.55181884765625,-17.48931884765625,-17.48931884765625,-17.48931884765625,-17.84869384765625,-17.84869384765625,-17.84869384765625,-18.20806884765625,-18.20806884765625,-18.47369384765625,-18.47369384765625,-18.47369384765625,-18.53619384765625,-18.53619384765625,-18.44244384765625,-18.44244384765625,-18.39556884765625,-18.39556884765625,-18.39556884765625,-17.17681884765625,-17.17681884765625,-16.22369384765625,-16.22369384765625,-13.62994384765625,-13.62994384765625,-12.19244384765625
-9.264055252075195,-9.744131088256836,-10.362656593322754,-10.84957504272461,-11.111282348632812,-11.449304580688477,-11.777009010314941,-11.515839576721191,-3.9073665142059326,-11.44244384765625,-13.20806884765625,-13.20806884765625,-13.20806884765625,-14.19244384765625,-14.19244384765625,-14.19244384765625,-15.95806884765625,-15.95806884765625,-15.95806884765625,-16.55181884765625,-16.55181884765625,-17.48931884765625,-17.48931884765625,-17.48931884765625,-17.84869384765625,-17.84869384765625,-17.84869384765625,-18.20806884765625,-18.20806884765625,-18.47369384765625,-18.47369384765625,-18.47369384765625,-18.53619384765625,-18.53619384765625,-18.44244384765625,-18.44244384765625,-18.39556884765625,-18.39556884765625,-18.39556884765625,-17.17681884765625,-17.17681884765625,-16.22369384765625,-16.22369384765625,-13.62994384765625
-9.005292892456055,-9.548412322998047,-10.020359992980957,-10.645033836364746,-10.82038402557373,-10.870820999145508,-10.854244232177734,-10.589388847351074,-10.69244384765625,-10.69244384765625,-11.44244384765625,-11.44244384765625,-11.44244384765625,-13.20806884765625,-13.20806884765625,-14.19244384765625,-14.19244384765625,-14.19244384765625,-15.95806884765625,-15.95806884765625,-15.95806884765625,-16.55181884765625,-16.55181884765625,-16.55181884765625,-17.48931884765625,-17.48931884765625,-17.84869384765625,-17.84869384765625,-17.84869384765625,-18.20806884765625,-18.20806884765625,-18.47369384765625,-18.47369384765625,-18.47369384765625,-18.53619384765625,-18.53619384765625,-18.44244384765625,-18.44244384765625,-18.39556884765625,-18.39556884765625,-17.17681884765625,-17.17681884765625,-17.17681884765625,-16.22369384765625
-8.593382835388184,-9.338493347167969,-9.751847267150879,-10.13757610321045,-10.362664222717285,-10.139172554016113,-10.021629333496094,-5.312723636627197,-10.00494384765625,-10.69244384765625,-10.69244384765625,-10.69244384765625,-11.44244384765625,-11.44244384765625,-11.44244384765625,-13.20806884765625,-13.20806884765625,-13.20806884765625,-14.19244384765625,-14.19244384765625,-14.19244384765625,-15.95806884765625,-15.95806884765625,-16.55181884765625,-16.55181884765625,-16.55181884765625,-17.48931884765625,-17.48931884765625,-17.84869384765625,-17.84869384765625,-17.84869384765625,-18.20806884765625,-18.20806884765625,-18.47369384765625,-18.47369384765625,-18.47369384765625,-18.53619384765625,-18.53619384765625,-18.44244384765625,-18.44244384765625,-18.39556884765625,-18.39556884765625,-17.17681884765625,-17.17681884765625
-8.172942161560059,-9.118415832519531,-9.519186973571777,-9.641755104064941,-9.72642993927002,-9.359660148620605,-8.996747970581055,-8.92681884765625,-10.00494384765625,-10.00494384765625,-10.00494384765625,-10.69244384765625,-10.69244384765625,-10.69244384765625,-11.44244384765625,-11.44244384765625,-11.44244384765625,-13.20806884765625,-13.20806884765625,-13.20806884765625,-14.19244384765625,-14.19244384765625,-14.19244384765625,-15.95806884765625,-15.95806884765625,-15.95806884765625,-16.55181884765625,-16.55181884765625,-17.48931884765625,-17.48931884765625,-17.48931884765625,-17.84869384765625,-17.84869384765625,-18.20806884765625,-18.20806884765625,-18.20806884765625,-18.47369384765625,-18.47369384765625,-18.53619384765625,-18.53619384765625,-18.44244384765625,-18.44244384765625,-18.39556884765625,-18.39556884765625
-8.157161712646484,-8.770788192749023,-9.285908699035645,-9.380845069885254,-9.226271629333496,-8.76196575164795,-6.768668174743652,-8.52056884765625,-8.92681884765625,-8.92681884765625,-8.92681884765625,-10.00494384765625,-10.00494384765625,-10.00494384765625,-10.69244384765625,-10.69244384765625,-10.69244384765625,-11.44244384765625,-11.44244384765625,-11.44244384765625,-13.20806884765625,-13.20806884765625,-14.19244384765625,-14.19244384765625,-14.19244384765625,-15.95806884765625,-15.95806884765625,-15.95806884765625,-16.55181884765625,-16.55181884765625,-17.48931884765625,-17.48931884765625,-17.48931884765625,-17.84869384765625,-17.84869384765625,-18.20806884765625,-18.20806884765625,-18.20806884765625,-18.47369384765625,-18.47369384765625,-18.53619384765625,-18.53619384765625,-18.44244384765625,-18.44244384765625
