lessons/derecho-2022/jet/velocity/narr_jet_500mb_20220512_0600z_NA_leaflet_velocity.json
{"header": {"parameterCategory": 2, "parameterNumber": 2, "parameterNumberName": "u-wind 500mb", "parameterUnit": "m/s", "nx": 141, "ny": 81, "lo1": -130.0, "la1": 60.0, "dx": 0.5, "dy": 0.5, "refTime": "2022-05-12T06:00:00", "gridUnits": "degrees"}, "data":
[rows 38 to 56 of 81, columns 88 to 131 of 141]
-3.1123483180999756,-4.069365978240967,-6.7564592361450195,-7.826565265655518,-8.467402458190918,-9.739570617675781,-11.406255722045898,-11.767044067382812,-12.442022323608398,-13.660018920898438,-14.274374961853027,-14.786279678344727,-15.538971900939941,-16.487743377685547,-15.908708572387695,7.56153678894043,-15.96038818359375,-15.96038818359375,-15.96038818359375,-14.75726318359375,-14.75726318359375,-11.61663818359375,-11.61663818359375,-11.61663818359375,-10.50726318359375,-10.50726318359375,-8.78851318359375,-8.78851318359375,-3.19476318359375,-3.19476318359375,-1.61663818359375,-1.61663818359375,-1.61663818359375,2.32086181640625,2.32086181640625,5.03961181640625,5.03961181640625,10.82086181640625,10.82086181640625,13.89898681640625,13.89898681640625,19.19586181640625,21.94586181640625,21.94586181640625
-4.771304130554199,-5.916402816772461,-7.939609527587891,-9.399867057800293,-10.511541366577148,-11.750024795532227,-12.637643814086914,-13.450569152832031,-14.136857986450195,-14.713311195373535,-15.163832664489746,-15.83187484741211,-16.589832305908203,-17.2086124420166,-2.37911057472229,-17.42913818359375,-17.24163818359375,-17.24163818359375,-15.96038818359375,-15.96038818359375,-15.96038818359375,-14.75726318359375,-14.75726318359375,-11.61663818359375,-11.61663818359375,-10.50726318359375,-10.50726318359375,-10.50726318359375,-8.78851318359375,-8.78851318359375,-3.19476318359375,-3.19476318359375,-1.61663818359375,-1.61663818359375,2.32086181640625,2.32086181640625,5.03961181640625,5.03961181640625,10.82086181640625,10.82086181640625,13.89898681640625,13.89898681640625,19.19586181640625,19.19586181640625
-5.506565093994141,-6.9300055503845215,-8.74609088897705,-9.992588996887207,-11.070584297180176,-12.186689376831055,-13.255468368530273,-13.941186904907227,-14.83460521697998,-15.533935546875,-15.981929779052734,-16.491186141967773,-17.14865493774414,-15.914978981018066,6.457851886749268,-17.42913818359375,-17.42913818359375,-17.24163818359375,-17.24163818359375,-17.24163818359375,-15.96038818359375,-15.96038818359375,-14.75726318359375,-14.75726318359375,-14.75726318359375,-11.61663818359375,-11.61663818359375,-10.50726318359375,-10.50726318359375,-8.78851318359375,-8.78851318359375,-8.78851318359375,-3.19476318359375,-3.19476318359375,-1.61663818359375,-1.61663818359375,2.32086181640625,2.32086181640625,5.03961181640625,5.03961181640625,10.82086181640625,10.82086181640625,13.89898681640625,13.89898681640625
-6.6613874435424805,-7.628256797790527,-8.885804176330566,-10.541289329528809,-11.162527084350586,-11.948659896850586,-13.003791809082031,-14.0435209274292,-14.706453323364258,-15.327849388122559,-16.352764129638672,-16.929780960083008,-17.442157745361328,-2.87001633644104,-17.91351318359375,-17.91351318359375,-17.91351318359375,-17.42913818359375,-17.42913818359375,-17.24163818359375,-17.24163818359375,-17.24163818359375,-15.96038818359375,-15.96038818359375,-14.75726318359375,-14.75726318359375,-14.75726318359375,-11.61663818359375,-11.61663818359375,-10.50726318359375,-10.50726318359375,-8.78851318359375,-8.78851318359375,-3.19476318359375,-3.19476318359375,-3.19476318359375,-1.61663818359375,-1.61663818359375,2.32086181640625,2.32086181640625,5.03961181640625,10.82086181640625,10.82086181640625,13.89898681640625
-7.435513019561768,-8.255521774291992,-8.95862865447998,-9.94207763671875,-11.011878967285156,-11.540999412536621,-12.196858406066895,-13.503534317016602,-14.580814361572266,-15.361185073852539,-16.305845260620117,-17.25681495666504,-16.708003997802734,5.2438645362854,-17.64788818359375,-17.64788818359375,-17.91351318359375,-17.91351318359375,-17.91351318359375,-17.42913818359375,-17.42913818359375,-17.24163818359375,-17.24163818359375,-17.24163818359375,-15.96038818359375,-15.96038818359375,-14.75726318359375,-14.75726318359375,-14.75726318359375,-11.61663818359375,-11.61663818359375,-10.50726318359375,-10.50726318359375,-8.78851318359375,-8.78851318359375,-3.19476318359375,-3.19476318359375,-1.61663818359375,-1.61663818359375,2.32086181640625,2.32086181640625,5.03961181640625,5.03961181640625,10.82086181640625
-7.790133953094482,-8.584121704101562,-9.300590515136719,-9.69363021850586,-10.58154582977295,-11.13914966583252,-11.739240646362305,-12.737679481506348,-14.412219047546387,-15.435104370117188,-16.33903694152832,-17.408584594726562,-4.077064514160156,-17.99163818359375,-17.99163818359375,-17.99163818359375,-17.64788818359375,-17.64788818359375,-17.91351318359375,-17.91351318359375,-17.91351318359375,-17.42913818359375,-17.42913818359375,-17.24163818359375,-17.24163818359375,-17.24163818359375,-15.96038818359375,-15.96038818359375,-14.75726318359375,-14.75726318359375,-11.61663818359375,-11.61663818359375,-11.61663818359375,-10.50726318359375,-10.50726318359375,-8.78851318359375,-8.78851318359375,-3.19476318359375,-3.19476318359375,-1.61663818359375,-1.61663818359375,2.32086181640625,2.32086181640625,5.03961181640625
-8.429113388061523,-8.998259544372559,-9.5237455368042,-9.82639217376709,-10.259050369262695,-10.903092384338379,-11.447004318237305,-12.4304838180542,-14.000511169433594,-15.2892484664917,-16.1313419342041,-16.73198890686035,3.8601951599121094,-17.80413818359375,-17.80413818359375,-17.99163818359375,-17.99163818359375,-17.99163818359375,-17.64788818359375,-17.64788818359375,-17.91351318359375,-17.91351318359375,-17.91351318359375,-17.42913818359375,-17.42913818359375,-17.24163818359375,-17.24163818359375,-17.24163818359375,-15.96038818359375,-15.96038818359375,-14.75726318359375,-14.75726318359375,-11.61663818359375,-11.61663818359375,-10.50726318359375,-10.50726318359375,-8.78851318359375,-8.78851318359375,-8.78851318359375,-3.19476318359375,-3.19476318359375,-1.61663818359375,2.32086181640625,2.32086181640625
-8.603662490844727,-9.242229461669922,-9.712494850158691,-9.995674133300781,-10.363343238830566,-10.981950759887695,-11.670968055725098,-12.473644256591797,-13.454691886901855,-15.053255081176758,-15.563358306884766,-5.347805976867676,-16.61663818359375,-16.61663818359375,-17.80413818359375,-17.80413818359375,-17.80413818359375,-17.99163818359375,-17.99163818359375,-17.99163818359375,-17.64788818359375,-17.64788818359375,-17.91351318359375,-17.91351318359375,-17.91351318359375,-17.42913818359375,-17.42913818359375,-17.24163818359375,-17.24163818359375,-15.96038818359375,-15.96038818359375,-15.96038818359375,-14.75726318359375,-14.75726318359375,-11.61663818359375,-11.61663818359375,-10.50726318359375,-10.50726318359375,-8.78851318359375,-8.78851318359375,-3.19476318359375,-3.19476318359375,-1.61663818359375,-1.61663818359375
-8.897685050964355,-9.42104721069336,-9.794698715209961,-10.207488059997559,-10.509614944458008,-10.92154598236084,-11.777948379516602,-12.636552810668945,-13.304489135742188,-14.145194053649902,-14.918224334716797,2.4765257835388184,-15.58538818359375,-15.58538818359375,-16.61663818359375,-16.61663818359375,-17.80413818359375,-17.80413818359375,-17.80413818359375,-17.99163818359375,-17.99163818359375,-17.99163818359375,-17.64788818359375,-17.64788818359375,-17.91351318359375,-17.91351318359375,-17.91351318359375,-17.42913818359375,-17.42913818359375,-17.24163818359375,-17.24163818359375,-15.96038818359375,-15.96038818359375,-15.96038818359375,-14.75726318359375,-14.75726318359375,-11.61663818359375,-11.61663818359375,-10.50726318359375,-10.50726318359375,-8.78851318359375,-8.78851318359375,-3.19476318359375,-3.19476318359375
-8.927640914916992,-9.479971885681152,-9.839133262634277,-10.208484649658203,-10.629222869873047,-11.06957721710205,-11.655145645141602,-12.549905776977539,-13.071961402893066,-13.257139205932617,-6.708658218383789,-14.56976318359375,-14.56976318359375,-15.58538818359375,-15.58538818359375,-15.58538818359375,-16.61663818359375,-16.61663818359375,-16.61663818359375,-17.80413818359375,-17.80413818359375,-17.99163818359375,-17.99163818359375,-17.99163818359375,-17.64788818359375,-17.64788818359375,-17.91351318359375,-17.91351318359375,-17.91351318359375,-17.42913818359375,-17.42913818359375,-17.24163818359375,-17.24163818359375,-15.96038818359375,-15.96038818359375,-14.75726318359375,-14.75726318359375,-14.75726318359375,-11.61663818359375,-11.61663818359375,-10.50726318359375,-10.50726318359375,-8.78851318359375,-8.78851318359375
-8.673110961914062,-9.446539878845215,-9.892950057983398,-10.167983055114746,-10.622573852539062,-11.09977912902832,-11.618538856506348,-12.260807037353516,-12.741898536682129,-12.812150001525879,1.1404746770858765,-13.05413818359375,-13.05413818359375,-14.56976318359375,-14.56976318359375,-15.58538818359375,-15.58538818359375,-15.58538818359375,-16.61663818359375,-16.61663818359375,-16.61663818359375,-17.80413818359375,-17.80413818359375,-17.99163818359375,-17.99163818359375,-17.99163818359375,-17.64788818359375,-17.64788818359375,-17.91351318359375,-17.91351318359375,-17.91351318359375,-17.42913818359375,-17.42913818359375,-17.24163818359375,-17.24163818359375,-15.96038818359375,-15.96038818359375,-14.75726318359375,-14.75726318359375,-11.61663818359375,-11.61663818359375,-11.61663818359375,-10.50726318359375,-8.78851318359375
-8.47789192199707,-9.15771770477295,-9.729524612426758,-10.012763977050781,-10.301648139953613,-10.934011459350586,-11.420979499816895,-11.86480712890625,-12.215130805969238,-7.748579502105713,-12.58538818359375,-12.58538818359375,-13.05413818359375,-13.05413818359375,-13.05413818359375,-14.56976318359375,-14.56976318359375,-15.58538818359375,-15.58538818359375,-15.58538818359375,-16.61663818359375,-16.61663818359375,-16.61663818359375,-17.80413818359375,-17.80413818359375,-17.99163818359375,-17.99163818359375,-17.99163818359375,-17.64788818359375,-17.64788818359375,-17.91351318359375,-17.91351318359375,-17.91351318359375,-17.42913818359375,-17.42913818359375,-17.24163818359375,-17.24163818359375,-15.96038818359375,-15.96038818359375,-14.75726318359375,-14.75726318359375,-11.61663818359375,-11.61663818359375,-10.50726318359375
-8.140443801879883,-8.488584518432617,-9.210210800170898,-9.590713500976562,-9.84974193572998,-10.507994651794434,-10.996798515319824,-11.408202171325684,-11.717536926269531,-0.1902676373720169,-11.92913818359375,-12.58538818359375,-12.58538818359375,-12.58538818359375,-13.05413818359375,-13.05413818359375,-13.05413818359375,-14.56976318359375,-14.56976318359375,-14.56976318359375,-15.58538818359375,-15.58538818359375,-16.61663818359375,-16.61663818359375,-16.61663818359375,-17.80413818359375,-17.80413818359375,-17.99163818359375,-17.99163818359375,-17.99163818359375,-17.64788818359375,-17.64788818359375,-17.91351318359375,-17.91351318359375,-17.91351318359375,-17.42913818359375,-17.42913818359375,-17.24163818359375,-17.24163818359375,-15.96038818359375,-15.96038818359375,-14.75726318359375,-14.75726318359375,-11.61663818359375
-7.743620872497559,-8.172654151916504,-8.751317024230957,-9.049798011779785,-9.318779945373535,-10.09710693359375,-10.492900848388672,-10.700150489807129,-8.922877311706543,-11.46038818359375,-11.46038818359375,-11.92913818359375,-11.92913818359375,-11.92913818359375,-12.58538818359375,-12.58538818359375,-13.05413818359375,-13.05413818359375,-13.05413818359375,-14.56976318359375,-14.56976318359375,-14.56976318359375,-15.58538818359375,-15.58538818359375,-15.58538818359375,-16.61663818359375,-16.61663818359375,-17.80413818359375,-17.80413818359375,-17.80413818359375,-17.99163818359375,-17.99163818359375,-17.64788818359375,-17.64788818359375,-17.91351318359375,-17.91351318359375,-17.91351318359375,-17.42913818359375,-17.42913818359375,-17.24163818359375,-17.24163818359375,-15.96038818359375,-15.96038818359375,-14.75726318359375
-7.348923206329346,-7.537647247314453,-8.045069694519043,-8.42419147491455,-8.551023483276367,-8.987794876098633,-9.7036771774292,-10.040637969970703,-1.521009922027588,-10.25726318359375,-11.46038818359375,-11.46038818359375,-11.46038818359375,-11.92913818359375,-11.92913818359375,-11.92913818359375,-12.58538818359375,-12.58538818359375,-12.58538818359375,-13.05413818359375,-13.05413818359375,-14.56976318359375,-14.56976318359375,-14.56976318359375,-15.58538818359375,-15.58538818359375,-15.58538818359375,-16.61663818359375,-16.61663818359375,-17.80413818359375,-17.80413818359375,-17.80413818359375,-17.99163818359375,-17.99163818359375,-17.64788818359375,-17.64788818359375,-17.91351318359375,-17.91351318359375,-17.91351318359375,-17.42913818359375,-17.42913818359375,-17.24163818359375,-17.24163818359375,-15.96038818359375
-6.835241317749023,-7.028653144836426,-7.196038246154785,-7.583683013916016,-7.829172134399414,-8.06328296661377,-8.850443840026855,-9.327343940734863,-9.49163818359375,-9.49163818359375,-10.25726318359375,-10.25726318359375,-10.25726318359375,-11.46038818359375,-11.46038818359375,-11.92913818359375,-11.92913818359375,-11.92913818359375,-12.58538818359375,-12.58538818359375,-12.58538818359375,-13.05413818359375,-13.05413818359375,-13.05413818359375,-14.56976318359375,-14.56976318359375,-15.58538818359375,-15.58538818359375,-15.58538818359375,-16.61663818359375,-16.61663818359375,-17.80413818359375,-17.80413818359375,-17.80413818359375,-17.99163818359375,-17.99163818359375,-17.64788818359375,-17.64788818359375,-17.91351318359375,-17.91351318359375,-17.42913818359375,-17.42913818359375,-17.42913818359375,-17.24163818359375
-6.277885437011719,-6.545754909515381,-6.624397277832031,-6.9120259284973145,-7.163561820983887,-7.301220893859863,-7.864393711090088,-2.851752281188965,-8.66351318359375,-9.49163818359375,-9.49163818359375,-9.49163818359375,-10.25726318359375,-10.25726318359375,-10.25726318359375,-11.46038818359375,-11.46038818359375,-11.46038818359375,-11.92913818359375,-11.92913818359375,-11.92913818359375,-12.58538818359375,-12.58538818359375,-13.05413818359375,-13.05413818359375,-13.05413818359375,-14.56976318359375,-14.56976318359375,-15.58538818359375,-15.58538818359375,-15.58538818359375,-16.61663818359375,-16.61663818359375,-17.80413818359375,-17.80413818359375,-17.80413818359375,-17.99163818359375,-17.99163818359375,-17.64788818359375,-17.64788818359375,-17.91351318359375,-17.91351318359375,-17.42913818359375,-17.42913818359375
-5.580796718597412,-6.034324645996094,-5.918091773986816,-6.0430588722229,-6.434293746948242,-6.57202672958374,-6.908754825592041,-7.03851318359375,-8.66351318359375,-8.66351318359375,-8.66351318359375,-9.49163818359375,-9.49163818359375,-9.49163818359375,-10.25726318359375,-10.25726318359375,-10.25726318359375,-11.46038818359375,-11.46038818359375,-11.46038818359375,-11.92913818359375,-11.92913818359375,-11.92913818359375,-12.58538818359375,-12.58538818359375,-12.58538818359375,-13.05413818359375,-13.05413818359375,-14.56976318359375,-14.56976318359375,-14.56976318359375,-15.58538818359375,-15.58538818359375,-16.61663818359375,-16.61663818359375,-16.61663818359375,-17.80413818359375,-17.80413818359375,-17.99163818359375,-17.99163818359375,-17.64788818359375,-17.64788818359375,-17.91351318359375,-17.91351318359375
-4.998316287994385,-5.237585544586182,-5.446055889129639,-5.515166282653809,-5.661496162414551,-5.967560768127441,-4.215940952301025,-6.28851318359375,-7.03851318359375,-7.03851318359375,-7.03851318359375,-8.66351318359375,-8.66351318359375,-8.66351318359375,-9.49163818359375,-9.49163818359375,-9.49163818359375,-10.25726318359375,-10.25726318359375,-10.25726318359375,-11.46038818359375,-11.46038818359375,-11.92913818359375,-11.92913818359375,-11.92913818359375,-12.58538818359375,-12.58538818359375,-12.58538818359375,-13.05413818359375,-13.05413818359375,-14.56976318359375,-14.56976318359375,-14.56976318359375,-15.58538818359375,-15.58538818359375,-16.61663818359375,-16.61663818359375,-16.61663818359375,-17.80413818359375,-17.80413818359375,-17.99163818359375,-17.99163818359375,-17.64788818359375,-17.64788818359375
