lessons/derecho-2022/jet/velocity/narr_jet_500mb_20220512_1500z_NA_leaflet_velocity.json
{"header": {"parameterCategory": 2, "parameterNumber": 3, "parameterNumberName": "v-wind 500mb", "parameterUnit": "m/s", "nx": 141, "ny": 81, "lo1": -130.0, "la1": 60.0, "dx": 0.5, "dy": 0.5, "refTime": "2022-05-12T15:00:00", "gridUnits": "degrees"}, "data":
[rows 20 to 39 of 81, columns 44 to 87 of 141]
6.384078025817871,6.345212459564209,6.32103157043457,6.430963039398193,6.451213836669922,6.900857448577881,8.846589088439941,9.318608283996582,10.716020584106445,11.575667381286621,13.765658378601074,15.940053939819336,16.448686599731445,16.07337760925293,14.769904136657715,14.044840812683105,13.242459297180176,13.038768768310547,12.89155387878418,13.004327774047852,12.9984130859375,12.868945121765137,12.048592567443848,10.753741264343262,10.155245780944824,9.512275695800781,9.074339866638184,7.164597988128662,4.955956935882568,3.601491928100586,1.6549140214920044,-0.29115232825279236,-1.9746042490005493,-2.7692208290100098,-2.7006382942199707,-2.235687494277954,-1.845646858215332,-2.0341479778289795,-2.1148111820220947,-1.3919782638549805,-0.40804845094680786,1.901881217956543,3.90490460395813,6.387482643127441
8.614801406860352,7.991304397583008,8.223721504211426,8.955422401428223,9.414023399353027,9.549001693725586,11.368001937866211,13.669081687927246,15.140840530395508,16.215734481811523,16.916603088378906,17.44379234313965,17.732816696166992,17.28166389465332,16.2945556640625,16.181472778320312,16.033571243286133,16.032079696655273,15.924331665039062,15.666668891906738,16.050386428833008,16.61295509338379,16.61199951171875,15.476332664489746,12.863151550292969,11.948075294494629,11.183282852172852,10.539491653442383,7.428162097930908,4.711545944213867,2.9488284587860107,1.3554673194885254,-0.0660925954580307,-1.340843915939331,-1.6850591897964478,-1.8779311180114746,-1.7209067344665527,-2.5895936489105225,-3.1610164642333984,-3.0426576137542725,-1.5090255737304688,1.4699527025222778,3.868104934692383,5.998892784118652
10.27562141418457,9.504557609558105,9.90966510772705,11.315776824951172,12.08203125,12.486152648925781,13.818155288696289,15.49488639831543,16.575796127319336,17.12005615234375,16.594715118408203,16.393537521362305,16.45909309387207,16.154571533203125,15.64865493774414,16.699554443359375,17.460100173950195,18.71487808227539,18.409393310546875,17.56027603149414,17.872766494750977,18.690250396728516,19.68263816833496,19.94132423400879,18.640514373779297,15.89333438873291,14.620291709899902,13.180658340454102,11.67939281463623,8.034425735473633,4.46090841293335,2.8207249641418457,1.4615724086761475,0.11430352181196213,-0.700588047504425,-1.0443187952041626,-1.633195161819458,-2.701117753982544,-3.1990346908569336,-3.302663803100586,-1.8594609498977661,1.045259952545166,3.688246011734009,5.822086811065674
12.280202865600586,13.858684539794922,14.551170349121094,14.23100757598877,14.491846084594727,15.056645393371582,15.346089363098145,15.56418514251709,15.340432167053223,14.886943817138672,13.739234924316406,13.072253227233887,12.610980987548828,13.25949478149414,13.641234397888184,15.283937454223633,16.465330123901367,17.638099670410156,19.02686309814453,18.850425720214844,18.97281265258789,19.672344207763672,21.116880416870117,22.03652000427246,22.403270721435547,21.90513038635254,19.89397430419922,17.1505069732666,14.426933288574219,11.459939956665039,7.482690334320068,4.229532241821289,2.7702066898345947,1.2758036851882935,0.09571652114391327,-0.3674684464931488,-0.8160434365272522,-1.551106333732605,-1.982920527458191,-2.2910499572753906,-1.0264190435409546,0.8690224885940552,4.033544063568115,6.3966522216796875
13.785013198852539,15.03078556060791,15.42081069946289,14.763959884643555,14.491897583007812,14.431167602539062,13.915328025817871,13.662626266479492,13.406326293945312,12.478372573852539,10.813858032226562,10.69322395324707,10.522414207458496,12.002330780029297,13.066486358642578,15.099564552307129,16.821531295776367,18.072166442871094,18.648406982421875,19.704120635986328,20.34942626953125,20.483840942382812,22.165700912475586,23.500770568847656,24.200727462768555,24.171876907348633,23.490510940551758,19.693157196044922,16.503694534301758,13.458353996276855,10.41141128540039,6.824056625366211,3.957231283187866,2.7159361839294434,1.4637435674667358,0.45327308773994446,0.08266093581914902,-0.34402957558631897,-0.5701693296432495,-0.601250946521759,0.2515895366668701,1.3823071718215942,2.9381837844848633,5.955108165740967
15.473121643066406,16.356258392333984,16.342304229736328,15.439396858215332,14.449664115905762,13.757868766784668,14.323987007141113,14.075923919677734,13.799485206604004,13.137005805969238,11.754874229431152,11.235929489135742,11.63398265838623,16.10183334350586,17.137630462646484,18.60014533996582,19.5097599029541,21.237504959106445,21.54059410095215,21.792551040649414,22.503307342529297,22.776975631713867,22.57831382751465,22.63705825805664,22.77503776550293,20.903911590576172,20.463302612304688,19.426740646362305,16.923799514770508,14.547002792358398,11.993195533752441,9.082877159118652,6.212194442749023,3.6792187690734863,2.706709384918213,1.6503033638000488,0.9632778167724609,0.9628672003746033,0.7015488147735596,0.7375813126564026,1.0343881845474243,2.2951529026031494,3.3380136489868164,4.507455825805664
16.909576416015625,17.09309196472168,16.0162296295166,14.574369430541992,14.768611907958984,14.144389152526855,14.887716293334961,15.242477416992188,15.089334487915039,16.363008499145508,16.07278823852539,16.93036460876465,16.76679229736328,20.06866455078125,22.765689849853516,24.004623413085938,24.690643310546875,25.401704788208008,25.499767303466797,25.754140853881836,25.855955123901367,24.738563537597656,23.043437957763672,22.199649810791016,21.66640281677246,20.252906799316406,18.270488739013672,17.126726150512695,16.135608673095703,14.613129615783691,12.472411155700684,10.287944793701172,8.226184844970703,5.7436089515686035,3.871992349624634,3.115795612335205,2.228287696838379,2.0127713680267334,2.2654387950897217,2.2669498920440674,2.3460254669189453,2.781588554382324,3.590221881866455,4.123292922973633
15.581899642944336,15.071179389953613,15.517489433288574,14.828189849853516,14.834674835205078,15.447590827941895,16.405256271362305,17.569860458374023,18.073165893554688,18.822254180908203,21.0860652923584,21.931812286376953,23.216346740722656,24.669666290283203,25.38629913330078,25.264720916748047,25.388320922851562,25.557706832885742,24.86992835998535,24.278507232666016,23.603933334350586,23.5085391998291,22.559057235717773,22.60576820373535,21.788410186767578,20.708160400390625,19.92125701904297,18.16868782043457,16.519977569580078,15.313340187072754,13.136606216430664,11.189075469970703,9.405736923217773,7.158397197723389,5.072536468505859,4.397729396820068,4.006752967834473,3.2974746227264404,3.0378787517547607,3.1151695251464844,3.6174025535583496,3.872910976409912,4.091258525848389,4.549075126647949
13.30880355834961,12.881502151489258,14.58903694152832,16.324045181274414,16.761390686035156,17.397464752197266,18.295883178710938,19.515840530395508,21.470478057861328,22.438337326049805,23.74384880065918,24.18899154663086,24.476255416870117,24.95376968383789,25.158201217651367,25.289703369140625,24.805265426635742,24.497339248657227,24.107202529907227,23.688867568969727,23.13981819152832,22.704015731811523,22.4173583984375,22.57846450805664,22.69331932067871,22.14687156677246,22.472291946411133,21.470020294189453,18.771120071411133,16.541051864624023,14.54667854309082,12.404914855957031,10.591744422912598,9.185529708862305,6.8095502853393555,5.8150315284729,5.470638751983643,5.59467887878418,4.922728061676025,4.648020267486572,4.755397319793701,5.08533239364624,5.337806701660156,6.0369157791137695
13.56535816192627,14.303296089172363,16.07925796508789,19.222633361816406,19.640838623046875,19.465993881225586,20.075645446777344,21.14446258544922,22.68497657775879,23.134374618530273,23.14895248413086,24.23052978515625,24.96984100341797,25.312664031982422,25.101314544677734,24.802263259887695,24.01089859008789,23.434598922729492,22.885759353637695,23.025236129760742,22.836591720581055,22.678449630737305,22.148645401000977,22.42012596130371,23.315738677978516,23.254697799682617,25.24605941772461,24.242319107055664,19.372926712036133,17.337745666503906,15.492977142333984,14.104702949523926,12.100380897521973,11.043876647949219,9.91982364654541,8.182792663574219,7.576730251312256,7.309447288513184,6.88560152053833,6.3912553787231445,6.285755634307861,6.209023952484131,6.2504448890686035,6.835267543792725
14.539373397827148,16.312366485595703,18.2459716796875,20.401697158813477,20.239282608032227,19.507808685302734,19.460208892822266,20.156845092773438,21.626174926757812,22.832544326782227,23.703632354736328,24.366010665893555,24.790725708007812,24.914318084716797,23.777294158935547,23.188175201416016,22.78068733215332,22.468538284301758,22.015132904052734,21.999778747558594,22.011747360229492,21.8940372467041,21.669845581054688,21.162275314331055,22.77940559387207,23.409833908081055,20.514598846435547,20.474027633666992,18.2196044921875,17.010133743286133,15.66584587097168,14.743231773376465,13.639144897460938,12.127429008483887,11.41650390625,10.4176664352417,9.388561248779297,8.806870460510254,8.374542236328125,7.9294753074646,7.652055740356445,7.630082607269287,7.446718215942383,7.48176908493042
14.102104187011719,16.181015014648438,18.167747497558594,19.95279312133789,19.731874465942383,18.986528396606445,18.77442169189453,19.306175231933594,20.495922088623047,22.612133026123047,23.902360916137695,24.22499656677246,24.225351333618164,24.089385986328125,23.23933219909668,22.312395095825195,21.970134735107422,21.7222843170166,21.573450088500977,21.344196319580078,21.027069091796875,20.374174118041992,19.805322647094727,19.349224090576172,18.656265258789062,19.003442764282227,18.313465118408203,17.472761154174805,16.55791473388672,15.651152610778809,15.009061813354492,14.339889526367188,13.572966575622559,12.70296859741211,12.16369915008545,11.480250358581543,10.68797779083252,9.78205394744873,9.288812637329102,8.841121673583984,8.414739608764648,8.039931297302246,7.764534950256348,7.485497951507568
14.625996589660645,16.673274993896484,18.37061882019043,19.756013870239258,19.520660400390625,18.81145668029785,18.514694213867188,19.57684898376465,21.166259765625,22.38566780090332,23.86677360534668,24.221237182617188,23.953561782836914,23.530914306640625,22.952695846557617,22.31926918029785,22.043489456176758,21.7412052154541,21.386457443237305,20.889934539794922,20.257036209106445,19.57947540283203,18.601327896118164,17.85662269592285,17.224605560302734,16.436174392700195,16.0144100189209,15.740785598754883,15.279372215270996,14.453019142150879,14.036376953125,13.669401168823242,13.377432823181152,12.775018692016602,12.24007511138916,11.416592597961426,10.905620574951172,10.155651092529297,9.455318450927734,8.980040550231934,8.343101501464844,7.789764404296875,7.1513590812683105,6.767860412597656
14.426548957824707,16.4836368560791,18.314476013183594,19.625539779663086,19.227807998657227,18.68305015563965,18.768217086791992,19.794206619262695,21.77120590209961,22.98114776611328,23.923866271972656,24.330224990844727,23.9141845703125,23.47337532043457,23.120891571044922,22.79637336730957,22.470077514648438,21.995500564575195,21.346155166625977,20.503196716308594,19.59433364868164,18.65591049194336,17.363351821899414,16.606407165527344,15.999943733215332,15.631162643432617,14.888837814331055,14.576448440551758,14.202218055725098,13.90904426574707,13.725589752197266,13.267888069152832,12.629892349243164,12.28596305847168,11.80150032043457,11.085689544677734,10.406730651855469,9.874226570129395,9.105920791625977,8.470343589782715,7.939149379730225,7.2237749099731445,6.263096332550049,5.375292778015137
8.837048530578613,15.018488883972168,18.1799259185791,19.2769832611084,19.34043312072754,18.8373966217041,19.170446395874023,20.761686325073242,22.567739486694336,23.61306381225586,24.188478469848633,24.636716842651367,24.23196792602539,23.623939514160156,23.400394439697266,23.165382385253906,22.869062423706055,22.23088836669922,21.135873794555664,19.746360778808594,18.48723030090332,17.57793617248535,16.744478225708008,16.02800941467285,15.371376991271973,14.826131820678711,14.53171443939209,14.20612621307373,13.742019653320312,13.286321640014648,12.929337501525879,12.641453742980957,12.101266860961914,11.735203742980957,11.332286834716797,10.682880401611328,10.078332901000977,9.573655128479004,8.967962265014648,7.6576385498046875,6.886951446533203,6.188650131225586,5.595886707305908,4.408048152923584
6.066615581512451,15.369595527648926,18.185626983642578,19.011274337768555,19.374696731567383,19.671358108520508,20.36306381225586,21.6242618560791,23.796541213989258,24.76010513305664,24.990575790405273,24.947649002075195,24.566415786743164,24.17943000793457,23.693958282470703,23.3348445892334,22.83352279663086,21.764812469482422,20.898162841796875,19.748889923095703,18.689678192138672,17.229019165039062,16.23512840270996,15.71211051940918,15.218938827514648,14.4829683303833,13.980998992919922,13.679564476013184,13.330559730529785,12.899197578430176,12.481789588928223,12.151140213012695,11.64356517791748,11.24665355682373,10.921955108642578,10.543139457702637,9.475370407104492,8.785466194152832,8.211724281311035,7.300662040710449,5.690946102142334,4.663177967071533,4.09822416305542,3.603665828704834
3.816605567932129,13.389702796936035,16.37921905517578,18.582197189331055,19.549854278564453,20.353364944458008,21.93699836730957,23.570314407348633,24.688026428222656,25.649612426757812,25.638357162475586,25.00284767150879,24.52779769897461,24.141294479370117,23.816831588745117,23.418453216552734,22.966732025146484,22.244007110595703,20.545408248901367,19.486093521118164,18.62265396118164,17.76837158203125,16.29413414001465,15.534355163574219,14.913765907287598,14.457178115844727,13.867107391357422,13.37816333770752,13.007478713989258,12.34334659576416,11.917051315307617,11.64017105102539,11.282914161682129,10.628118515014648,10.206931114196777,9.82336711883545,9.2547607421875,8.26203727722168,7.285667419433594,6.253538608551025,5.326730728149414,4.053300380706787,2.9065840244293213,2.5921294689178467
9.58734130859375,12.806251525878906,16.22881317138672,18.720630645751953,20.17206573486328,21.24323081970215,22.58389663696289,24.71140480041504,26.66755485534668,27.028467178344727,26.69289207458496,25.913414001464844,24.70040512084961,24.164592742919922,23.80167007446289,23.081228256225586,22.50020980834961,21.840774536132812,20.854326248168945,19.27849006652832,18.375625610351562,17.441076278686523,16.73492431640625,15.708536148071289,14.786165237426758,14.001654624938965,13.51188850402832,12.931222915649414,12.486462593078613,12.064496040344238,11.407039642333984,11.066105842590332,10.615976333618164,10.297724723815918,9.759893417358398,8.978507995605469,8.393150329589844,7.658766269683838,6.481175422668457,4.836521625518799,3.9089057445526123,3.029658079147339,2.137521505355835,1.8040900230407715
5.16546630859375,10.410201072692871,14.829527854919434,17.47016143798828,20.834516525268555,23.16261100769043,24.10996437072754,25.299774169921875,26.673574447631836,27.613096237182617,27.134300231933594,26.221179962158203,24.74053955078125,23.8759822845459,23.413475036621094,22.95538330078125,22.038097381591797,21.167699813842773,20.044322967529297,19.29280662536621,18.16668701171875,17.111602783203125,16.20408058166504,15.55233383178711,14.666534423828125,13.911815643310547,13.377341270446777,12.692610740661621,12.032368659973145,11.548134803771973,11.095447540283203,10.612129211425781,9.77078914642334,9.257894515991211,8.85010814666748,8.233817100524902,7.4099440574646,6.680983066558838,5.431400775909424,4.093631744384766,3.107330799102783,2.3366875648498535,1.5232638120651245,1.2300645112991333
3.69671630859375,9.905298233032227,15.359841346740723,18.246341705322266,20.349916458129883,22.895788192749023,24.80063819885254,25.90972900390625,27.022598266601562,27.995153427124023,27.18553352355957,26.17568016052246,24.77190589904785,23.632413864135742,22.84105682373047,22.217498779296875,21.48432159423828,20.502822875976562,19.24525260925293,18.413406372070312,17.756025314331055,16.796606063842773,16.05339241027832,15.421546936035156,14.848661422729492,13.886397361755371,13.207361221313477,12.648908615112305,11.812832832336426,11.049555778503418,10.406387329101562,9.78016471862793,9.095857620239258,8.553985595703125,8.056543350219727,7.437069892883301,6.255475997924805,5.650239944458008,4.846550464630127,3.0755889415740967,1.7090932130813599,1.3360675573349,1.0164555311203003,0.4532786011695862
