lessons/derecho-2022/jet/velocity/narr_jet_500mb_20220512_1500z_NA_leaflet_velocity.json
{"header": {"parameterCategory": 2, "parameterNumber": 2, "parameterNumberName": "u-wind 500mb", "parameterUnit": "m/s", "nx": 141, "ny": 81, "lo1": -130.0, "la1": 60.0, "dx": 0.5, "dy": 0.5, "refTime": "2022-05-12T15:00:00", "gridUnits": "degrees"}, "data":
[rows 19 to 37 of 81, columns 86 to 128 of 141]
9.09496021270752,8.450376510620117,8.381640434265137,9.180009841918945,9.48202896118164,9.432754516601562,11.401504516601562,13.698379516601562,13.698379516601562,15.151504516601562,15.151504516601562,16.464004516601562,16.464004516601562,17.667129516601562,17.667129516601562,18.589004516601562,18.589004516601562,18.698379516601562,18.464004516601562,18.464004516601562,18.010879516601562,18.010879516601562,17.214004516601562,17.214004516601562,15.526504516601562,15.745254516601562,15.745254516601562,15.745254516601562,15.745254516601562,15.745254516601562,15.745254516601562,15.745254516601562,15.745254516601562,15.745254516601562,15.745254516601562,15.745254516601562,15.745254516601562,15.745254516601562,15.745254516601562,15.745254516601562,15.745254516601562,15.745254516601562,15.745254516601562
9.452242851257324,9.572842597961426,9.348918914794922,10.39405632019043,11.444567680358887,12.328117370605469,12.934971809387207,13.563250541687012,14.385213851928711,14.895484924316406,15.151504516601562,16.464004516601562,16.464004516601562,17.667129516601562,18.589004516601562,18.589004516601562,18.698379516601562,18.698379516601562,18.464004516601562,18.464004516601562,18.010879516601562,18.010879516601562,17.214004516601562,15.526504516601562,15.526504516601562,15.745254516601562,15.745254516601562,15.745254516601562,15.745254516601562,15.745254516601562,15.745254516601562,15.745254516601562,15.745254516601562,15.745254516601562,15.745254516601562,15.745254516601562,15.745254516601562,15.745254516601562,15.745254516601562,15.745254516601562,15.745254516601562,15.745254516601562,15.745254516601562
12.094254493713379,12.112542152404785,12.692681312561035,13.676729202270508,14.945883750915527,15.878729820251465,16.167770385742188,16.0965633392334,15.92890453338623,16.426204681396484,16.423032760620117,16.83065414428711,17.23239517211914,17.670272827148438,18.589004516601562,18.589004516601562,18.698379516601562,18.698379516601562,18.464004516601562,18.464004516601562,18.010879516601562,17.214004516601562,17.214004516601562,15.526504516601562,15.526504516601562,15.745254516601562,15.745254516601562,15.745254516601562,15.745254516601562,15.745254516601562,15.745254516601562,15.745254516601562,15.745254516601562,15.745254516601562,15.745254516601562,15.745254516601562,15.745254516601562,15.745254516601562,15.745254516601562,15.745254516601562,15.745254516601562,15.745254516601562,15.745254516601562
16.141767501831055,15.832250595092773,17.136423110961914,18.376880645751953,20.12583351135254,20.395999908447266,20.234086990356445,19.72759437561035,18.606700897216797,18.04521369934082,17.588953018188477,17.28892707824707,17.707904815673828,17.741348266601562,17.845298767089844,18.177993774414062,18.409954071044922,18.464921951293945,18.464004516601562,18.010879516601562,18.010879516601562,17.214004516601562,17.214004516601562,15.526504516601562,15.526504516601562,15.745254516601562,15.745254516601562,15.745254516601562,15.745254516601562,15.745254516601562,15.745254516601562,15.745254516601562,15.745254516601562,15.745254516601562,15.745254516601562,15.745254516601562,15.745254516601562,15.745254516601562,15.745254516601562,15.745254516601562,15.745254516601562,15.745254516601562,15.745254516601562
22.33221435546875,21.94651985168457,22.01323699951172,22.428308486938477,24.094528198242188,24.406015396118164,24.184873580932617,21.787151336669922,20.025136947631836,18.847421646118164,18.396902084350586,18.000091552734375,17.61834144592285,17.43405532836914,17.232234954833984,17.301071166992188,17.49873161315918,17.74215316772461,17.38783836364746,17.194438934326172,17.09733772277832,17.14146614074707,17.214004516601562,15.526504516601562,15.745254516601562,15.745254516601562,15.745254516601562,15.745254516601562,15.745254516601562,15.745254516601562,15.745254516601562,15.745254516601562,15.745254516601562,15.745254516601562,15.745254516601562,15.745254516601562,15.745254516601562,15.745254516601562,15.745254516601562,15.745254516601562,15.745254516601562,15.745254516601562,15.745254516601562
24.78868293762207,24.769432067871094,25.228885650634766,25.290409088134766,25.515512466430664,25.33423614501953,24.38139533996582,22.38396453857422,20.20857810974121,18.962221145629883,18.607690811157227,18.54297637939453,17.86448097229004,17.427709579467773,16.84513282775879,16.30362319946289,15.936365127563477,16.019824981689453,16.05328369140625,15.709948539733887,15.365288734436035,15.232891082763672,15.106514930725098,14.884255409240723,15.414446830749512,15.745254516601562,15.745254516601562,15.745254516601562,15.745254516601562,15.745254516601562,15.745254516601562,15.745254516601562,15.745254516601562,15.745254516601562,15.745254516601562,15.745254516601562,15.745254516601562,15.745254516601562,15.745254516601562,15.745254516601562,15.745254516601562,15.745254516601562,15.745254516601562
25.795820236206055,25.811946868896484,26.01299285888672,26.177114486694336,25.712167739868164,24.857927322387695,23.209545135498047,21.511180877685547,19.8950138092041,18.1250057220459,18.09010124206543,17.90248680114746,17.61709213256836,16.82842445373535,16.49352264404297,16.108673095703125,15.536967277526855,14.355905532836914,14.387506484985352,14.29623031616211,14.079713821411133,13.349698066711426,13.386195182800293,13.594291687011719,13.776504516601562,15.745254516601562,15.745254516601562,15.745254516601562,15.745254516601562,15.745254516601562,15.745254516601562,15.745254516601562,15.745254516601562,15.745254516601562,15.745254516601562,15.745254516601562,15.745254516601562,15.745254516601562,15.745254516601562,15.745254516601562,15.745254516601562,15.745254516601562,15.745254516601562
25.45424461364746,25.657501220703125,25.527822494506836,25.769315719604492,24.81246566772461,23.354965209960938,20.972667694091797,19.658935546875,18.429080963134766,17.20342445373535,16.188390731811523,16.13237953186035,16.253387451171875,15.777146339416504,15.092778205871582,14.572867393493652,14.182336807250977,13.286741256713867,12.508265495300293,12.1864013671875,12.166951179504395,11.717434883117676,11.701536178588867,11.327750205993652,11.682754516601562,13.776504516601562,13.776504516601562,15.745254516601562,15.745254516601562,15.745254516601562,15.745254516601562,15.745254516601562,15.745254516601562,15.745254516601562,15.745254516601562,15.745254516601562,15.745254516601562,15.745254516601562,15.745254516601562,15.745254516601562,15.745254516601562,15.745254516601562,15.745254516601562
24.056699752807617,24.399921417236328,23.790891647338867,22.922420501708984,21.91789436340332,21.110200881958008,18.516721725463867,17.248340606689453,16.06633758544922,15.508602142333984,14.640499114990234,14.301949501037598,13.766280174255371,13.820978164672852,13.461148262023926,13.013338088989258,11.928786277770996,11.674827575683594,11.18957805633545,10.427437782287598,9.79738712310791,9.869804382324219,10.373778343200684,10.245254516601562,11.682754516601562,11.682754516601562,13.776504516601562,13.776504516601562,15.745254516601562,15.745254516601562,15.745254516601562,15.745254516601562,15.745254516601562,15.745254516601562,15.745254516601562,15.745254516601562,15.745254516601562,15.745254516601562,15.745254516601562,15.745254516601562,15.745254516601562,15.745254516601562,15.745254516601562
22.198833465576172,22.361133575439453,21.99228286743164,21.173521041870117,19.47702980041504,17.586822509765625,16.626005172729492,15.91039752960205,13.9296293258667,12.631606101989746,12.4552640914917,12.41787338256836,11.405332565307617,10.838580131530762,10.753708839416504,10.784258842468262,9.443511009216309,8.819239616394043,8.561870574951172,8.32154369354248,7.42396879196167,7.1514739990234375,7.628814220428467,10.245254516601562,10.245254516601562,11.682754516601562,11.682754516601562,11.682754516601562,13.776504516601562,13.776504516601562,15.745254516601562,15.745254516601562,15.745254516601562,15.745254516601562,15.745254516601562,15.745254516601562,15.745254516601562,15.745254516601562,15.745254516601562,15.745254516601562,15.745254516601562,15.745254516601562,15.745254516601562
20.155160903930664,19.38549041748047,19.07997703552246,18.67761993408203,17.699752807617188,14.76972484588623,13.101452827453613,12.212492942810059,11.545377731323242,10.077168464660645,9.589160919189453,9.252652168273926,9.057645797729492,8.651224136352539,8.219001770019531,7.854942798614502,7.450878143310547,6.844599723815918,6.252320289611816,5.832499980926514,5.395545959472656,5.044619560241699,6.6515045166015625,6.6515045166015625,6.6515045166015625,10.245254516601562,10.245254516601562,11.682754516601562,11.682754516601562,13.776504516601562,13.776504516601562,15.745254516601562,15.745254516601562,15.745254516601562,15.745254516601562,15.745254516601562,15.745254516601562,15.745254516601562,15.745254516601562,15.745254516601562,15.745254516601562,15.745254516601562,15.745254516601562
17.38088035583496,17.061792373657227,16.576231002807617,16.038103103637695,14.93427848815918,13.375948905944824,10.862870216369629,9.708635330200195,8.786404609680176,7.856183052062988,7.677473545074463,7.2240376472473145,6.550205230712891,6.019765377044678,5.995854377746582,5.919919967651367,4.404731750488281,3.8333330154418945,3.6462693214416504,3.2752461433410645,1.7072175741195679,7.215816020965576,4.5577545166015625,4.5577545166015625,6.6515045166015625,6.6515045166015625,10.245254516601562,10.245254516601562,11.682754516601562,11.682754516601562,11.682754516601562,13.776504516601562,13.776504516601562,15.745254516601562,15.745254516601562,15.745254516601562,15.745254516601562,15.745254516601562,15.745254516601562,15.745254516601562,15.745254516601562,15.745254516601562,15.745254516601562
15.148412704467773,14.680248260498047,13.92935562133789,13.500946044921875,12.688613891601562,10.141914367675781,7.822768688201904,7.131472110748291,6.576326847076416,4.988162994384766,4.417138576507568,4.282406806945801,3.9556031227111816,2.864025592803955,2.399047613143921,2.264796018600464,1.5669933557510376,0.6050814986228943,-0.036859508603811264,-0.3885011672973633,-1.1059019565582275,0.4171295166015625,0.4171295166015625,4.5577545166015625,4.5577545166015625,6.6515045166015625,6.6515045166015625,6.6515045166015625,10.245254516601562,10.245254516601562,11.682754516601562,11.682754516601562,13.776504516601562,13.776504516601562,15.745254516601562,15.745254516601562,15.745254516601562,15.745254516601562,15.745254516601562,15.745254516601562,15.745254516601562,15.745254516601562,15.745254516601562
12.475954055786133,12.127130508422852,10.595839500427246,9.298784255981445,8.434525489807129,7.426185607910156,5.441867351531982,4.3575053215026855,3.461775302886963,2.826826333999634,2.2012674808502197,1.2541017532348633,0.7660675048828125,0.6249215006828308,0.15449382364749908,-1.577439785003662,-1.7609564065933228,-1.9839459657669067,-3.001253366470337,-4.36496639251709,6.607285976409912,-2.0047454833984375,0.4171295166015625,0.4171295166015625,0.4171295166015625,4.5577545166015625,4.5577545166015625,6.6515045166015625,6.6515045166015625,10.245254516601562,10.245254516601562,11.682754516601562,11.682754516601562,11.682754516601562,13.776504516601562,13.776504516601562,15.745254516601562,15.745254516601562,15.745254516601562,15.745254516601562,15.745254516601562,15.745254516601562,15.745254516601562
9.666242599487305,8.800045013427734,8.238188743591309,7.335641384124756,5.481801986694336,4.181153774261475,3.5566306114196777,2.701625108718872,0.763953447341919,0.14433257281780243,-0.2401866614818573,-1.170781135559082,-2.666149616241455,-2.9666483402252197,-3.1446645259857178,-4.3743462562561035,-5.351430892944336,-5.8888115882873535,-6.009830474853516,-3.622408151626587,-6.1766204833984375,-6.1766204833984375,-2.0047454833984375,-2.0047454833984375,0.4171295166015625,0.4171295166015625,4.5577545166015625,4.5577545166015625,4.5577545166015625,6.6515045166015625,6.6515045166015625,10.245254516601562,10.245254516601562,11.682754516601562,11.682754516601562,13.776504516601562,13.776504516601562,15.745254516601562,15.745254516601562,15.745254516601562,15.745254516601562,15.745254516601562,15.745254516601562
7.41866397857666,5.628783702850342,4.985457897186279,4.433348655700684,3.676748752593994,1.8710579872131348,0.9904471039772034,0.150080144405365,-1.149561882019043,-1.9921921491622925,-2.7990424633026123,-3.757692575454712,-4.529836177825928,-5.231644630432129,-5.9322590827941895,-6.894659042358398,-7.398416996002197,-8.039534568786621,-8.697271347045898,5.676110744476318,-8.082870483398438,-6.1766204833984375,-6.1766204833984375,-2.0047454833984375,-2.0047454833984375,-2.0047454833984375,0.4171295166015625,0.4171295166015625,4.5577545166015625,4.5577545166015625,6.6515045166015625,6.6515045166015625,10.245254516601562,10.245254516601562,10.245254516601562,11.682754516601562,11.682754516601562,13.776504516601562,13.776504516601562,15.745254516601562,15.745254516601562,15.745254516601562,15.745254516601562
4.8847503662109375,4.0130934715271,3.209203004837036,2.1694116592407227,1.4818381071090698,0.6745181083679199,-0.459527850151062,-2.379523754119873,-3.245986223220825,-3.877112865447998,-4.4132232666015625,-5.3301801681518555,-7.039571762084961,-7.4445719718933105,-7.92797327041626,-9.121582984924316,-10.179790496826172,-10.490541458129883,-5.62554931640625,-9.660995483398438,-8.082870483398438,-8.082870483398438,-8.082870483398438,-6.1766204833984375,-6.1766204833984375,-2.0047454833984375,-2.0047454833984375,0.4171295166015625,0.4171295166015625,0.4171295166015625,4.5577545166015625,4.5577545166015625,6.6515045166015625,6.6515045166015625,10.245254516601562,10.245254516601562,11.682754516601562,11.682754516601562,13.776504516601562,13.776504516601562,15.745254516601562,15.745254516601562,15.745254516601562
2.6759355068206787,2.155327796936035,1.6887173652648926,0.8317116498947144,-0.4448150098323822,-1.350351333618164,-2.482856273651123,-4.1589837074279785,-5.22763729095459,-6.3191680908203125,-6.918307304382324,-7.353623867034912,-8.738155364990234,-9.615646362304688,-10.354270935058594,-10.726909637451172,-12.001225471496582,-12.755866050720215,4.496711730957031,-12.410995483398438,-9.660995483398438,-9.660995483398438,-8.082870483398438,-8.082870483398438,-6.1766204833984375,-6.1766204833984375,-6.1766204833984375,-2.0047454833984375,-2.0047454833984375,0.4171295166015625,0.4171295166015625,4.5577545166015625,4.5577545166015625,6.6515045166015625,6.6515045166015625,6.6515045166015625,10.245254516601562,10.245254516601562,11.682754516601562,11.682754516601562,13.776504516601562,13.776504516601562,15.745254516601562
0.9961351752281189,0.5047954320907593,0.09429092705249786,-0.6597740054130554,-1.6243129968643188,-2.677807569503784,-4.201091766357422,-5.751561164855957,-6.563922882080078,-7.4049882888793945,-8.361949920654297,-9.439653396606445,-9.961082458496094,-10.70645523071289,-12.088077545166016,-12.95705795288086,-13.65573787689209,-5.855509281158447,-13.582870483398438,-12.410995483398438,-12.410995483398438,-9.660995483398438,-9.660995483398438,-9.660995483398438,-8.082870483398438,-8.082870483398438,-6.1766204833984375,-6.1766204833984375,-6.1766204833984375,-2.0047454833984375,-2.0047454833984375,0.4171295166015625,0.4171295166015625,4.5577545166015625,4.5577545166015625,6.6515045166015625,6.6515045166015625,10.245254516601562,10.245254516601562,11.682754516601562,11.682754516601562,13.776504516601562,13.776504516601562
