lessons/derecho-2022/jet/velocity/narr_jet_500mb_20220512_0900z_NA_leaflet_velocity.json
{"header": {"parameterCategory": 2, "parameterNumber": 2, "parameterNumberName": "u-wind 500mb", "parameterUnit": "m/s", "nx": 141, "ny": 81, "lo1": -130.0, "la1": 60.0, "dx": 0.5, "dy": 0.5, "refTime": "2022-05-12T09:00:00", "gridUnits": "degrees"}, "data":
[rows 19 to 37 of 81, columns 86 to 128 of 141]
16.00994873046875,17.653602600097656,18.867097854614258,19.22651481628418,20.176393508911133,20.619720458984375,21.119720458984375,18.432220458984375,18.432220458984375,18.619720458984375,18.619720458984375,18.447845458984375,18.447845458984375,18.557220458984375,18.557220458984375,20.275970458984375,20.275970458984375,20.057220458984375,20.650970458984375,20.650970458984375,22.369720458984375,22.369720458984375,22.682220458984375,22.682220458984375,21.744720458984375,21.994720458984375,21.994720458984375,21.994720458984375,21.994720458984375,21.994720458984375,21.994720458984375,21.994720458984375,21.994720458984375,21.994720458984375,21.994720458984375,21.994720458984375,21.994720458984375,21.994720458984375,21.994720458984375,21.994720458984375,21.994720458984375,21.994720458984375,21.994720458984375
14.226432800292969,15.393794059753418,17.127532958984375,17.28982162475586,17.278860092163086,17.515308380126953,18.283838272094727,18.239139556884766,17.667144775390625,18.320722579956055,18.619720458984375,18.447845458984375,18.447845458984375,18.557220458984375,20.275970458984375,20.275970458984375,20.057220458984375,20.057220458984375,20.650970458984375,20.650970458984375,22.369720458984375,22.369720458984375,22.682220458984375,21.744720458984375,21.744720458984375,21.994720458984375,21.994720458984375,21.994720458984375,21.994720458984375,21.994720458984375,21.994720458984375,21.994720458984375,21.994720458984375,21.994720458984375,21.994720458984375,21.994720458984375,21.994720458984375,21.994720458984375,21.994720458984375,21.994720458984375,21.994720458984375,21.994720458984375,21.994720458984375
12.409080505371094,13.221392631530762,14.099980354309082,15.320589065551758,15.532421112060547,15.600580215454102,15.535164833068848,15.673588752746582,15.54513931274414,15.706809997558594,16.652986526489258,17.110631942749023,17.44733238220215,18.19131088256836,20.275970458984375,20.275970458984375,20.057220458984375,20.057220458984375,20.650970458984375,20.650970458984375,22.369720458984375,22.682220458984375,22.682220458984375,21.744720458984375,21.744720458984375,21.994720458984375,21.994720458984375,21.994720458984375,21.994720458984375,21.994720458984375,21.994720458984375,21.994720458984375,21.994720458984375,21.994720458984375,21.994720458984375,21.994720458984375,21.994720458984375,21.994720458984375,21.994720458984375,21.994720458984375,21.994720458984375,21.994720458984375,21.994720458984375
10.834650993347168,11.781363487243652,12.458822250366211,13.268622398376465,13.924790382385254,14.0982027053833,14.094351768493652,13.862812042236328,13.262405395507812,13.350987434387207,13.9574556350708,15.165838241577148,15.18423080444336,15.861305236816406,17.0708065032959,18.971582412719727,19.413232803344727,20.112625122070312,20.650970458984375,22.369720458984375,22.369720458984375,22.682220458984375,22.682220458984375,21.744720458984375,21.744720458984375,21.994720458984375,21.994720458984375,21.994720458984375,21.994720458984375,21.994720458984375,21.994720458984375,21.994720458984375,21.994720458984375,21.994720458984375,21.994720458984375,21.994720458984375,21.994720458984375,21.994720458984375,21.994720458984375,21.994720458984375,21.994720458984375,21.994720458984375,21.994720458984375
8.67464542388916,9.529020309448242,10.9293851852417,11.890742301940918,12.557198524475098,12.816716194152832,12.683724403381348,12.650582313537598,12.321951866149902,12.115022659301758,12.086785316467285,12.875591278076172,13.841886520385742,14.69368839263916,15.40530014038086,16.685487747192383,18.097013473510742,18.85467529296875,19.332901000976562,20.370861053466797,21.719072341918945,22.490245819091797,22.682220458984375,21.744720458984375,21.994720458984375,21.994720458984375,21.994720458984375,21.994720458984375,21.994720458984375,21.994720458984375,21.994720458984375,21.994720458984375,21.994720458984375,21.994720458984375,21.994720458984375,21.994720458984375,21.994720458984375,21.994720458984375,21.994720458984375,21.994720458984375,21.994720458984375,21.994720458984375,21.994720458984375
9.544047355651855,8.824182510375977,9.509714126586914,10.820448875427246,11.75840950012207,12.200023651123047,12.18342399597168,11.70443058013916,11.691878318786621,11.553670883178711,11.67170524597168,11.831230163574219,13.012134552001953,13.911319732666016,14.494504928588867,15.050978660583496,16.340654373168945,17.371971130371094,17.933029174804688,18.291648864746094,19.442045211791992,20.28327178955078,20.639474868774414,20.720338821411133,21.5014591217041,21.994720458984375,21.994720458984375,21.994720458984375,21.994720458984375,21.994720458984375,21.994720458984375,21.994720458984375,21.994720458984375,21.994720458984375,21.994720458984375,21.994720458984375,21.994720458984375,21.994720458984375,21.994720458984375,21.994720458984375,21.994720458984375,21.994720458984375,21.994720458984375
9.540083885192871,8.965890884399414,8.924667358398438,10.087563514709473,10.778037071228027,11.291590690612793,11.58987045288086,11.27480697631836,11.223381042480469,11.150020599365234,11.454713821411133,11.765644073486328,12.353859901428223,13.126070976257324,13.768630027770996,14.293000221252441,14.956374168395996,15.547657012939453,16.26869010925293,16.796831130981445,17.363014221191406,17.406190872192383,17.96918487548828,18.482995986938477,18.979095458984375,21.994720458984375,21.994720458984375,21.994720458984375,21.994720458984375,21.994720458984375,21.994720458984375,21.994720458984375,21.994720458984375,21.994720458984375,21.994720458984375,21.994720458984375,21.994720458984375,21.994720458984375,21.994720458984375,21.994720458984375,21.994720458984375,21.994720458984375,21.994720458984375
9.534510612487793,8.865622520446777,9.146446228027344,9.90523910522461,10.29959487915039,10.549577713012695,10.578407287597656,10.940445899963379,11.086834907531738,11.256402969360352,11.387611389160156,11.442423820495605,11.85929012298584,12.217048645019531,12.698525428771973,12.892472267150879,13.294477462768555,13.683795928955078,14.053370475769043,14.275861740112305,14.570235252380371,14.678258895874023,14.83596134185791,14.884818077087402,14.713470458984375,18.979095458984375,18.979095458984375,21.994720458984375,21.994720458984375,21.994720458984375,21.994720458984375,21.994720458984375,21.994720458984375,21.994720458984375,21.994720458984375,21.994720458984375,21.994720458984375,21.994720458984375,21.994720458984375,21.994720458984375,21.994720458984375,21.994720458984375,21.994720458984375
9.840493202209473,9.054341316223145,9.07378101348877,9.2112455368042,9.429855346679688,9.582284927368164,9.567209243774414,9.887775421142578,10.317852020263672,10.374809265136719,10.684640884399414,10.95002269744873,10.872936248779297,11.11214828491211,11.430713653564453,11.660788536071777,11.181196212768555,11.543854713439941,12.163835525512695,11.866929054260254,11.262386322021484,11.585440635681152,12.326628684997559,12.119720458984375,14.713470458984375,14.713470458984375,18.979095458984375,18.979095458984375,21.994720458984375,21.994720458984375,21.994720458984375,21.994720458984375,21.994720458984375,21.994720458984375,21.994720458984375,21.994720458984375,21.994720458984375,21.994720458984375,21.994720458984375,21.994720458984375,21.994720458984375,21.994720458984375,21.994720458984375
10.595128059387207,9.427331924438477,9.112783432006836,8.767178535461426,8.569685935974121,8.200568199157715,8.323904991149902,8.460036277770996,8.567361831665039,8.754556655883789,9.085988998413086,9.7586669921875,9.407723426818848,9.221053123474121,9.381513595581055,9.63400650024414,8.895853042602539,8.611425399780273,8.916718482971191,9.038623809814453,7.952807903289795,7.640378952026367,13.219019889831543,12.119720458984375,12.119720458984375,14.713470458984375,14.713470458984375,14.713470458984375,18.979095458984375,18.979095458984375,21.994720458984375,21.994720458984375,21.994720458984375,21.994720458984375,21.994720458984375,21.994720458984375,21.994720458984375,21.994720458984375,21.994720458984375,21.994720458984375,21.994720458984375,21.994720458984375,21.994720458984375
11.09926986694336,9.21716022491455,8.470471382141113,8.055240631103516,7.637462615966797,6.72164249420166,6.470554351806641,6.598761558532715,7.052278518676758,7.032440185546875,7.114195346832275,7.402614593505859,7.811883926391602,7.528225898742676,7.393270492553711,7.109158039093018,6.8105387687683105,6.44877290725708,6.055029392242432,5.815459251403809,5.42875337600708,5.083892822265625,7.025970458984375,7.025970458984375,7.025970458984375,12.119720458984375,12.119720458984375,14.713470458984375,14.713470458984375,18.979095458984375,18.979095458984375,21.994720458984375,21.994720458984375,21.994720458984375,21.994720458984375,21.994720458984375,21.994720458984375,21.994720458984375,21.994720458984375,21.994720458984375,21.994720458984375,21.994720458984375,21.994720458984375
9.995509147644043,8.976642608642578,7.731308460235596,7.0920090675354,6.437751770019531,5.859821796417236,5.340156078338623,5.172700881958008,5.444836616516113,5.404205322265625,5.6704254150390625,5.6754469871521,5.603653430938721,5.341620445251465,5.264908313751221,5.353350639343262,3.724824905395508,3.2608158588409424,3.172452449798584,2.866117000579834,1.2148613929748535,12.48264217376709,4.494720458984375,4.494720458984375,7.025970458984375,7.025970458984375,12.119720458984375,12.119720458984375,14.713470458984375,14.713470458984375,14.713470458984375,18.979095458984375,18.979095458984375,21.994720458984375,21.994720458984375,21.994720458984375,21.994720458984375,21.994720458984375,21.994720458984375,21.994720458984375,21.994720458984375,21.994720458984375,21.994720458984375
9.062932968139648,8.171892166137695,7.066695213317871,6.141991138458252,5.574357509613037,4.421784400939941,3.7365593910217285,3.699286699295044,3.6781039237976074,3.186306953430176,3.100266456604004,3.256502389907837,3.1151723861694336,2.4636926651000977,1.8475393056869507,1.5546997785568237,0.720922589302063,-0.13207554817199707,-0.7472404837608337,-1.060003638267517,0.47918790578842163,-0.239654541015625,-0.239654541015625,4.494720458984375,4.494720458984375,7.025970458984375,7.025970458984375,7.025970458984375,12.119720458984375,12.119720458984375,14.713470458984375,14.713470458984375,18.979095458984375,18.979095458984375,21.994720458984375,21.994720458984375,21.994720458984375,21.994720458984375,21.994720458984375,21.994720458984375,21.994720458984375,21.994720458984375,21.994720458984375
7.779179573059082,7.173054218292236,5.882875442504883,4.5922064781188965,3.6831777095794678,3.0629782676696777,2.2651174068450928,2.0228426456451416,1.7147884368896484,1.5131886005401611,1.252586841583252,0.4849091172218323,0.13077297806739807,-0.04830990359187126,-0.637291669845581,-2.662029981613159,-2.89963960647583,-2.88857102394104,-3.680830240249634,-4.919373512268066,11.675305366516113,-2.755279541015625,-0.239654541015625,-0.239654541015625,-0.239654541015625,4.494720458984375,4.494720458984375,7.025970458984375,7.025970458984375,12.119720458984375,12.119720458984375,14.713470458984375,14.713470458984375,14.713470458984375,18.979095458984375,18.979095458984375,21.994720458984375,21.994720458984375,21.994720458984375,21.994720458984375,21.994720458984375,21.994720458984375,21.994720458984375
6.498082160949707,5.581113815307617,4.899988174438477,3.689976692199707,2.0139153003692627,1.1221688985824585,1.0320409536361694,0.7147483825683594,-0.20907023549079895,-0.6157657504081726,-0.818724513053894,-1.829566478729248,-3.3897643089294434,-3.9543275833129883,-4.298674583435059,-5.7936601638793945,-6.739279270172119,-7.117770195007324,-6.690807819366455,-0.09206748753786087,-6.630279541015625,-6.630279541015625,-2.755279541015625,-2.755279541015625,-0.239654541015625,-0.239654541015625,4.494720458984375,4.494720458984375,4.494720458984375,7.025970458984375,7.025970458984375,12.119720458984375,12.119720458984375,14.713470458984375,14.713470458984375,18.979095458984375,18.979095458984375,21.994720458984375,21.994720458984375,21.994720458984375,21.994720458984375,21.994720458984375,21.994720458984375
5.574206829071045,3.9278488159179688,2.793738842010498,1.7769039869308472,1.0029398202896118,-0.47693178057670593,-0.7111251950263977,-0.9828397035598755,-1.5755910873413086,-2.3298871517181396,-3.112820625305176,-4.251459121704102,-5.324517726898193,-6.356098651885986,-7.268674373626709,-8.354344367980957,-8.830931663513184,-9.207097053527832,-9.434867858886719,10.360928535461426,-8.645904541015625,-6.630279541015625,-6.630279541015625,-2.755279541015625,-2.755279541015625,-2.755279541015625,-0.239654541015625,-0.239654541015625,4.494720458984375,4.494720458984375,7.025970458984375,7.025970458984375,12.119720458984375,12.119720458984375,12.119720458984375,14.713470458984375,14.713470458984375,18.979095458984375,18.979095458984375,21.994720458984375,21.994720458984375,21.994720458984375,21.994720458984375
3.89833664894104,3.055176258087158,1.5339149236679077,0.3513772189617157,-0.3465527296066284,-0.9411506652832031,-1.5984642505645752,-2.9916200637817383,-3.590608835220337,-4.123978614807129,-4.686463356018066,-5.769519329071045,-7.92861270904541,-8.498601913452148,-9.200790405273438,-10.193707466125488,-11.034355163574219,-11.196525573730469,-0.8518726825714111,-10.489654541015625,-8.645904541015625,-8.645904541015625,-8.645904541015625,-6.630279541015625,-6.630279541015625,-2.755279541015625,-2.755279541015625,-0.239654541015625,-0.239654541015625,-0.239654541015625,4.494720458984375,4.494720458984375,7.025970458984375,7.025970458984375,12.119720458984375,12.119720458984375,14.713470458984375,14.713470458984375,18.979095458984375,18.979095458984375,21.994720458984375,21.994720458984375,21.994720458984375
2.16113018989563,1.4759572744369507,0.4107276201248169,-0.5175866484642029,-1.336213231086731,-2.057609796524048,-3.093592405319214,-4.448470115661621,-5.614839553833008,-6.792531967163086,-7.526953220367432,-8.04074764251709,-9.733701705932617,-10.58301830291748,-11.22789192199707,-11.4621000289917,-12.339844703674316,-12.854918479919434,8.753009796142578,-12.630279541015625,-10.489654541015625,-10.489654541015625,-8.645904541015625,-8.645904541015625,-6.630279541015625,-6.630279541015625,-6.630279541015625,-2.755279541015625,-2.755279541015625,-0.239654541015625,-0.239654541015625,4.494720458984375,4.494720458984375,7.025970458984375,7.025970458984375,7.025970458984375,12.119720458984375,12.119720458984375,14.713470458984375,14.713470458984375,18.979095458984375,18.979095458984375,21.994720458984375
0.889899492263794,-0.034175608307123184,-0.8502322435379028,-1.6569315195083618,-2.4564709663391113,-3.2242650985717773,-4.62552547454834,-6.310184001922607,-7.2420525550842285,-8.130273818969727,-9.231289863586426,-10.632844924926758,-11.02402114868164,-11.611602783203125,-12.516807556152344,-13.058372497558594,-13.385754585266113,-1.7840489149093628,-13.395904541015625,-12.630279541015625,-12.630279541015625,-10.489654541015625,-10.489654541015625,-10.489654541015625,-8.645904541015625,-8.645904541015625,-6.630279541015625,-6.630279541015625,-6.630279541015625,-2.755279541015625,-2.755279541015625,-0.239654541015625,-0.239654541015625,4.494720458984375,4.494720458984375,7.025970458984375,7.025970458984375,12.119720458984375,12.119720458984375,14.713470458984375,14.713470458984375,18.979095458984375,18.979095458984375
