lessons/derecho-2022/jet/velocity/narr_jet_500mb_20220512_1500z_NA_leaflet_velocity.json
{"header": {"parameterCategory": 2, "parameterNumber": 3, "parameterNumberName": "v-wind 500mb", "parameterUnit": "m/s", "nx": 141, "ny": 81, "lo1": -130.0, "la1": 60.0, "dx": 0.5, "dy": 0.5, "refTime": "2022-05-12T15:00:00", "gridUnits": "degrees"}, "data":
[rows 20 to 39 of 81, columns 88 to 131 of 141]
10.068132400512695,12.072114944458008,13.592907905578613,14.425863265991211,15.234626770019531,15.91179084777832,15.95925521850586,14.71435546875,14.11859130859375,13.30609130859375,13.30609130859375,12.69671630859375,10.72796630859375,10.72796630859375,9.02484130859375,9.02484130859375,7.11859130859375,7.11859130859375,3.91546630859375,3.91546630859375,1.91546630859375,-0.45953369140625,-0.45953369140625,-3.10015869140625,-3.10015869140625,-3.10015869140625,-3.10015869140625,-3.10015869140625,-3.10015869140625,-3.10015869140625,-3.10015869140625,-3.10015869140625,-3.10015869140625,-3.10015869140625,-3.10015869140625,-3.10015869140625,-3.10015869140625,-3.10015869140625,-3.10015869140625,-3.10015869140625,-3.10015869140625,-3.10015869140625,-3.10015869140625,-3.10015869140625
7.8460612297058105,9.897019386291504,11.623226165771484,13.157794952392578,14.993125915527344,16.235214233398438,16.439102172851562,15.704663276672363,14.231484413146973,13.477903366088867,12.909372329711914,12.525426864624023,10.72796630859375,10.72796630859375,9.02484130859375,9.02484130859375,7.11859130859375,7.11859130859375,3.91546630859375,1.91546630859375,1.91546630859375,-0.45953369140625,-0.45953369140625,-3.10015869140625,-3.10015869140625,-3.10015869140625,-3.10015869140625,-3.10015869140625,-3.10015869140625,-3.10015869140625,-3.10015869140625,-3.10015869140625,-3.10015869140625,-3.10015869140625,-3.10015869140625,-3.10015869140625,-3.10015869140625,-3.10015869140625,-3.10015869140625,-3.10015869140625,-3.10015869140625,-3.10015869140625,-3.10015869140625,-3.10015869140625
7.031965732574463,8.710352897644043,10.994317054748535,12.062677383422852,13.483574867248535,15.033979415893555,16.45769500732422,16.03554916381836,14.9274320602417,13.28683090209961,12.699870109558105,12.065230369567871,11.271993637084961,10.125875473022461,9.152020454406738,8.067115783691406,7.11859130859375,3.91546630859375,3.91546630859375,1.91546630859375,1.91546630859375,-0.45953369140625,-0.45953369140625,-3.10015869140625,-3.10015869140625,-3.10015869140625,-3.10015869140625,-3.10015869140625,-3.10015869140625,-3.10015869140625,-3.10015869140625,-3.10015869140625,-3.10015869140625,-3.10015869140625,-3.10015869140625,-3.10015869140625,-3.10015869140625,-3.10015869140625,-3.10015869140625,-3.10015869140625,-3.10015869140625,-3.10015869140625,-3.10015869140625,-3.10015869140625
8.040473937988281,8.9968900680542,10.815366744995117,12.046319007873535,13.102370262145996,14.743639945983887,16.113231658935547,15.719717025756836,14.882952690124512,13.376289367675781,12.070272445678711,11.250909805297852,10.30689811706543,9.307236671447754,8.448979377746582,7.623310089111328,6.0025105476379395,4.2454657554626465,2.972041606903076,2.028217077255249,1.91546630859375,-0.45953369140625,-3.10015869140625,-3.10015869140625,-3.10015869140625,-3.10015869140625,-3.10015869140625,-3.10015869140625,-3.10015869140625,-3.10015869140625,-3.10015869140625,-3.10015869140625,-3.10015869140625,-3.10015869140625,-3.10015869140625,-3.10015869140625,-3.10015869140625,-3.10015869140625,-3.10015869140625,-3.10015869140625,-3.10015869140625,-3.10015869140625,-3.10015869140625,-3.10015869140625
8.170228004455566,9.720996856689453,10.885663032531738,11.776784896850586,12.659626960754395,13.614644050598145,15.012179374694824,14.980498313903809,13.969776153564453,12.511469841003418,10.763628005981445,9.759645462036133,8.871987342834473,7.671427249908447,6.451310157775879,5.589271545410156,4.664775371551514,3.378941774368286,2.1153061389923096,1.126686453819275,0.2671024203300476,-0.7945892214775085,-2.454571008682251,-3.10015869140625,-3.10015869140625,-3.10015869140625,-3.10015869140625,-3.10015869140625,-3.10015869140625,-3.10015869140625,-3.10015869140625,-3.10015869140625,-3.10015869140625,-3.10015869140625,-3.10015869140625,-3.10015869140625,-3.10015869140625,-3.10015869140625,-3.10015869140625,-3.10015869140625,-3.10015869140625,-3.10015869140625,-3.10015869140625,-3.10015869140625
7.5000901222229,9.38112735748291,10.633712768554688,11.451244354248047,12.260753631591797,13.07163143157959,13.822144508361816,14.069968223571777,13.211731910705566,11.854151725769043,10.159435272216797,7.873464584350586,7.030864238739014,6.315140247344971,5.3620476722717285,3.9149296283721924,2.9999842643737793,2.488687515258789,1.6590518951416016,0.2940475642681122,-0.43504267930984497,-1.1398550271987915,-1.58453369140625,-3.10015869140625,-3.10015869140625,-3.10015869140625,-3.10015869140625,-3.10015869140625,-3.10015869140625,-3.10015869140625,-3.10015869140625,-3.10015869140625,-3.10015869140625,-3.10015869140625,-3.10015869140625,-3.10015869140625,-3.10015869140625,-3.10015869140625,-3.10015869140625,-3.10015869140625,-3.10015869140625,-3.10015869140625,-3.10015869140625,-3.10015869140625
6.1298136711120605,8.620359420776367,10.200533866882324,11.147793769836426,11.779812812805176,12.422844886779785,13.317000389099121,12.654013633728027,11.461468696594238,10.361478805541992,9.081332206726074,7.0981221199035645,5.054651737213135,4.544926166534424,3.993417501449585,2.9011597633361816,1.915051817893982,1.4733740091323853,0.9613311886787415,-0.14269046485424042,-1.1745409965515137,-2.8311736583709717,-1.91265869140625,-1.58453369140625,-1.58453369140625,-3.10015869140625,-3.10015869140625,-3.10015869140625,-3.10015869140625,-3.10015869140625,-3.10015869140625,-3.10015869140625,-3.10015869140625,-3.10015869140625,-3.10015869140625,-3.10015869140625,-3.10015869140625,-3.10015869140625,-3.10015869140625,-3.10015869140625,-3.10015869140625,-3.10015869140625,-3.10015869140625,-3.10015869140625
6.277754306793213,8.0324125289917,9.583418846130371,10.462892532348633,11.125856399536133,11.597270011901855,11.998725891113281,11.606818199157715,10.230737686157227,8.806921005249023,7.301076412200928,6.265722274780273,4.5832414627075195,3.4349606037139893,2.462228298187256,2.0459606647491455,1.416386604309082,0.6385896801948547,-0.13075777888298035,-0.6336520314216614,-1.5996360778808594,-1.91265869140625,-1.91265869140625,-1.91265869140625,-1.58453369140625,-1.58453369140625,-3.10015869140625,-3.10015869140625,-3.10015869140625,-3.10015869140625,-3.10015869140625,-3.10015869140625,-3.10015869140625,-3.10015869140625,-3.10015869140625,-3.10015869140625,-3.10015869140625,-3.10015869140625,-3.10015869140625,-3.10015869140625,-3.10015869140625,-3.10015869140625,-3.10015869140625,-3.10015869140625
7.05424690246582,7.384257793426514,8.634979248046875,9.378329277038574,9.9669771194458,10.269994735717773,10.006290435791016,9.58236312866211,8.87648868560791,7.577682018280029,5.728613376617432,4.345529079437256,3.351956844329834,2.3502213954925537,1.2402583360671997,0.662693977355957,0.2503221929073334,-0.3052869439125061,-1.2129693031311035,-1.8602137565612793,-5.442826271057129,-1.91265869140625,-1.91265869140625,-1.91265869140625,-1.91265869140625,-1.91265869140625,-1.58453369140625,-1.58453369140625,-3.10015869140625,-3.10015869140625,-3.10015869140625,-3.10015869140625,-3.10015869140625,-3.10015869140625,-3.10015869140625,-3.10015869140625,-3.10015869140625,-3.10015869140625,-3.10015869140625,-3.10015869140625,-3.10015869140625,-3.10015869140625,-3.10015869140625,-3.10015869140625
7.248825550079346,7.215432167053223,7.353813171386719,8.073601722717285,8.511523246765137,8.811622619628906,8.573690414428711,7.796201705932617,6.935817718505859,5.709072113037109,4.26107931137085,2.9967379570007324,1.9110426902770996,0.997041642665863,0.2078542709350586,-0.30228710174560547,-0.7496813535690308,-1.3639603853225708,-1.9993537664413452,-2.5834438800811768,-2.36578369140625,-2.36578369140625,-2.36578369140625,-1.91265869140625,-1.91265869140625,-1.91265869140625,-1.91265869140625,-1.58453369140625,-1.58453369140625,-3.10015869140625,-3.10015869140625,-3.10015869140625,-3.10015869140625,-3.10015869140625,-3.10015869140625,-3.10015869140625,-3.10015869140625,-3.10015869140625,-3.10015869140625,-3.10015869140625,-3.10015869140625,-3.10015869140625,-3.10015869140625,-3.10015869140625
7.094552516937256,6.853169918060303,6.658298015594482,6.858486652374268,7.694089412689209,7.598161220550537,7.288592338562012,6.290041446685791,5.723799705505371,4.763261795043945,2.9779269695281982,1.4008986949920654,0.7229875326156616,-0.004530768375843763,-1.1131647825241089,-1.6414369344711304,-1.8325880765914917,-2.2130589485168457,-3.247516393661499,-6.872529029846191,-2.69390869140625,-2.69390869140625,-2.36578369140625,-2.36578369140625,-1.91265869140625,-1.91265869140625,-1.91265869140625,-1.91265869140625,-1.91265869140625,-1.58453369140625,-1.58453369140625,-3.10015869140625,-3.10015869140625,-3.10015869140625,-3.10015869140625,-3.10015869140625,-3.10015869140625,-3.10015869140625,-3.10015869140625,-3.10015869140625,-3.10015869140625,-3.10015869140625,-3.10015869140625,-3.10015869140625
6.570685863494873,6.336221694946289,6.058159828186035,5.919644832611084,6.325724124908447,6.133740425109863,5.874603271484375,4.235571384429932,3.3179092407226562,2.651857852935791,1.7325865030288696,-0.4090639352798462,-1.1635078191757202,-1.598947525024414,-2.196516513824463,-2.862161874771118,-3.229588270187378,-3.428649425506592,-5.090738296508789,-3.80328369140625,-3.80328369140625,-2.69390869140625,-2.69390869140625,-2.36578369140625,-2.36578369140625,-2.36578369140625,-1.91265869140625,-1.91265869140625,-1.91265869140625,-1.91265869140625,-1.58453369140625,-1.58453369140625,-3.10015869140625,-3.10015869140625,-3.10015869140625,-3.10015869140625,-3.10015869140625,-3.10015869140625,-3.10015869140625,-3.10015869140625,-3.10015869140625,-3.10015869140625,-3.10015869140625,-3.10015869140625
5.369136810302734,5.2196946144104,5.248744964599609,5.265511989593506,5.0275068283081055,4.556374549865723,3.759308338165283,2.9492805004119873,1.7670429944992065,0.5508493185043335,-0.3610478937625885,-1.091191291809082,-2.147031784057617,-3.100625991821289,-3.3781962394714355,-3.623922348022461,-4.050180435180664,-4.516463756561279,-7.565744876861572,-4.03765869140625,-3.80328369140625,-3.80328369140625,-3.80328369140625,-2.69390869140625,-2.69390869140625,-2.36578369140625,-2.36578369140625,-1.91265869140625,-1.91265869140625,-1.91265869140625,-1.91265869140625,-1.91265869140625,-1.58453369140625,-1.58453369140625,-3.10015869140625,-3.10015869140625,-3.10015869140625,-3.10015869140625,-3.10015869140625,-3.10015869140625,-3.10015869140625,-3.10015869140625,-3.10015869140625,-3.10015869140625
4.837337493896484,4.662710666656494,4.414968490600586,4.367012977600098,4.012194633483887,3.482175350189209,1.5909149646759033,0.8648319244384766,0.05582789331674576,-1.0550585985183716,-2.5220377445220947,-2.880659580230713,-3.4469926357269287,-4.183754920959473,-4.610897064208984,-4.835397720336914,-4.884829044342041,-7.764098644256592,-4.97515869140625,-4.97515869140625,-4.03765869140625,-4.03765869140625,-3.80328369140625,-3.80328369140625,-2.69390869140625,-2.69390869140625,-2.69390869140625,-2.36578369140625,-2.36578369140625,-1.91265869140625,-1.91265869140625,-1.91265869140625,-1.91265869140625,-1.58453369140625,-1.58453369140625,-3.10015869140625,-3.10015869140625,-3.10015869140625,-3.10015869140625,-3.10015869140625,-3.10015869140625,-3.10015869140625,-3.10015869140625,-3.10015869140625
3.9901769161224365,3.8974831104278564,3.736212730407715,3.1932780742645264,2.5174598693847656,1.5048118829727173,0.05358763039112091,-0.8785625100135803,-1.7458852529525757,-2.803039312362671,-3.527977466583252,-4.124718189239502,-4.566129684448242,-5.165458679199219,-5.322177886962891,-5.537388801574707,-5.7166924476623535,-8.312864303588867,-5.47515869140625,-4.97515869140625,-4.97515869140625,-4.03765869140625,-4.03765869140625,-4.03765869140625,-3.80328369140625,-3.80328369140625,-2.69390869140625,-2.69390869140625,-2.36578369140625,-2.36578369140625,-1.91265869140625,-1.91265869140625,-1.91265869140625,-1.91265869140625,-1.91265869140625,-1.58453369140625,-1.58453369140625,-3.10015869140625,-3.10015869140625,-3.10015869140625,-3.10015869140625,-3.10015869140625,-3.10015869140625,-3.10015869140625
3.2777915000915527,2.938004970550537,2.806060791015625,2.325563430786133,1.478326439857483,-0.36922910809516907,-1.5504112243652344,-2.368177890777588,-2.942816972732544,-3.787760019302368,-5.03349494934082,-5.2869768142700195,-5.516477584838867,-5.99399471282959,-6.452996253967285,-6.544780254364014,-9.590998649597168,-6.06890869140625,-5.47515869140625,-5.47515869140625,-5.47515869140625,-4.97515869140625,-4.97515869140625,-4.03765869140625,-4.03765869140625,-3.80328369140625,-3.80328369140625,-3.80328369140625,-2.69390869140625,-2.69390869140625,-2.36578369140625,-2.36578369140625,-1.91265869140625,-1.91265869140625,-1.91265869140625,-1.91265869140625,-1.58453369140625,-1.58453369140625,-3.10015869140625,-3.10015869140625,-3.10015869140625,-3.10015869140625,-3.10015869140625,-3.10015869140625
2.4675281047821045,2.1231846809387207,1.4933946132659912,0.8012861609458923,-0.1709102988243103,-1.76775062084198,-2.8947596549987793,-4.1958537101745605,-4.75430965423584,-5.156752586364746,-6.132474422454834,-6.569783687591553,-6.844587326049805,-6.929848670959473,-7.34185266494751,-7.576114177703857,-9.159878730773926,-7.36578369140625,-6.06890869140625,-6.06890869140625,-5.47515869140625,-5.47515869140625,-4.97515869140625,-4.97515869140625,-4.97515869140625,-4.03765869140625,-4.03765869140625,-3.80328369140625,-3.80328369140625,-2.69390869140625,-2.69390869140625,-2.36578369140625,-2.36578369140625,-2.36578369140625,-1.91265869140625,-1.91265869140625,-1.91265869140625,-1.91265869140625,-1.58453369140625,-1.58453369140625,-3.10015869140625,-3.10015869140625,-3.10015869140625,-3.10015869140625
1.6076455116271973,1.2393577098846436,0.5857058167457581,-0.2323339581489563,-1.5385870933532715,-2.93450927734375,-3.735351324081421,-4.679451942443848,-5.6780476570129395,-6.633603572845459,-7.0198140144348145,-7.344481468200684,-8.028524398803711,-8.34377670288086,-8.41804313659668,-11.182061195373535,-8.06890869140625,-7.36578369140625,-7.36578369140625,-6.06890869140625,-6.06890869140625,-6.06890869140625,-5.47515869140625,-5.47515869140625,-4.97515869140625,-4.97515869140625,-4.97515869140625,-4.03765869140625,-4.03765869140625,-3.80328369140625,-3.80328369140625,-2.69390869140625,-2.69390869140625,-2.36578369140625,-2.36578369140625,-1.91265869140625,-1.91265869140625,-1.91265869140625,-1.91265869140625,-1.58453369140625,-1.58453369140625,-3.10015869140625,-3.10015869140625,-3.10015869140625
1.0213228464126587,0.7942102551460266,-1.1265867948532104,-1.8658778667449951,-2.8352878093719482,-4.001935958862305,-5.203531742095947,-5.71937894821167,-6.649570465087891,-7.715043544769287,-8.312104225158691,-8.72734546661377,-9.166620254516602,-9.569995880126953,-9.985334396362305,-10.039945602416992,-8.06890869140625,-8.06890869140625,-8.06890869140625,-7.36578369140625,-7.36578369140625,-6.06890869140625,-6.06890869140625,-6.06890869140625,-5.47515869140625,-5.47515869140625,-4.97515869140625,-4.97515869140625,-4.03765869140625,-4.03765869140625,-3.80328369140625,-3.80328369140625,-3.80328369140625,-2.69390869140625,-2.69390869140625,-2.36578369140625,-2.36578369140625,-1.91265869140625,-1.91265869140625,-1.91265869140625,-1.91265869140625,-1.58453369140625,-3.10015869140625,-3.10015869140625
-0.17480109632015228,-0.8867329955101013,-2.3492469787597656,-3.327942371368408,-4.215124130249023,-5.135941028594971,-5.9930830001831055,-6.7026238441467285,-7.866130828857422,-8.614386558532715,-9.132919311523438,-10.12431526184082,-10.541352272033691,-10.62431526184082,-12.395536422729492,-10.53765869140625,-9.66265869140625,-9.66265869140625,-8.06890869140625,-8.06890869140625,-8.06890869140625,-7.36578369140625,-7.36578369140625,-6.06890869140625,-6.06890869140625,-5.47515869140625,-5.47515869140625,-5.47515869140625,-4.97515869140625,-4.97515869140625,-4.03765869140625,-4.03765869140625,-3.80328369140625,-3.80328369140625,-2.69390869140625,-2.69390869140625,-2.36578369140625,-2.36578369140625,-1.91265869140625,-1.91265869140625,-1.91265869140625,-1.91265869140625,-1.58453369140625,-1.58453369140625
