lessons/derecho-2022/jet/velocity/narr_jet_500mb_20220512_1500z_NA_leaflet_velocity.json
{"header": {"parameterCategory": 2, "parameterNumber": 2, "parameterNumberName": "u-wind 500mb", "parameterUnit": "m/s", "nx": 141, "ny": 81, "lo1": -130.0, "la1": 60.0, "dx": 0.5, "dy": 0.5, "refTime": "2022-05-12T15:00:00", "gridUnits": "degrees"}, "data":
[rows 38 to 56 of 81, columns 86 to 128 of 141]
-0.7728009223937988,-1.1153920888900757,-1.2986661195755005,-1.6456592082977295,-3.797945737838745,-4.744379997253418,-5.896157741546631,-7.232982158660889,-8.650026321411133,-9.14869499206543,-9.88300895690918,-11.01403522491455,-11.761784553527832,-12.513894081115723,-13.635102272033691,-14.738482475280762,-14.875992774963379,3.254796028137207,-13.582870483398438,-13.582870483398438,-13.582870483398438,-12.410995483398438,-12.410995483398438,-9.660995483398438,-9.660995483398438,-9.660995483398438,-8.082870483398438,-8.082870483398438,-6.1766204833984375,-6.1766204833984375,-2.0047454833984375,-2.0047454833984375,0.4171295166015625,0.4171295166015625,0.4171295166015625,4.5577545166015625,4.5577545166015625,6.6515045166015625,6.6515045166015625,10.245254516601562,10.245254516601562,11.682754516601562,11.682754516601562
-2.529784917831421,-3.2749619483947754,-3.7716641426086426,-4.265393257141113,-5.56662130355835,-6.737071990966797,-7.868826866149902,-8.827234268188477,-9.781371116638184,-10.55616283416748,-11.7593412399292,-12.404868125915527,-12.997173309326172,-14.536279678344727,-15.551315307617188,-16.199216842651367,-6.246938228607178,-16.332870483398438,-15.489120483398438,-15.489120483398438,-13.582870483398438,-13.582870483398438,-13.582870483398438,-12.410995483398438,-12.410995483398438,-9.660995483398438,-9.660995483398438,-8.082870483398438,-8.082870483398438,-8.082870483398438,-6.1766204833984375,-6.1766204833984375,-2.0047454833984375,-2.0047454833984375,0.4171295166015625,0.4171295166015625,4.5577545166015625,4.5577545166015625,6.6515045166015625,6.6515045166015625,10.245254516601562,10.245254516601562,11.682754516601562
-4.558518886566162,-4.774600028991699,-5.2615885734558105,-6.644101619720459,-7.616828441619873,-8.317471504211426,-9.412287712097168,-10.796247482299805,-11.563314437866211,-12.110827445983887,-13.534355163574219,-14.636917114257812,-15.301151275634766,-16.280723571777344,-17.327606201171875,-17.04401397705078,2.045694351196289,-16.332870483398438,-16.332870483398438,-15.489120483398438,-15.489120483398438,-15.489120483398438,-13.582870483398438,-13.582870483398438,-12.410995483398438,-12.410995483398438,-12.410995483398438,-9.660995483398438,-9.660995483398438,-8.082870483398438,-8.082870483398438,-6.1766204833984375,-6.1766204833984375,-6.1766204833984375,-2.0047454833984375,-2.0047454833984375,0.4171295166015625,0.4171295166015625,4.5577545166015625,4.5577545166015625,6.6515045166015625,6.6515045166015625,10.245254516601562
-6.296664714813232,-6.917464256286621,-7.354881763458252,-8.276019096374512,-9.45664119720459,-10.503607749938965,-11.02644157409668,-11.999776840209961,-12.939229965209961,-13.921616554260254,-14.811956405639648,-15.730708122253418,-16.935619354248047,-17.833770751953125,-18.47103500366211,-6.293533802032471,-18.129745483398438,-18.129745483398438,-18.129745483398438,-16.332870483398438,-16.332870483398438,-15.489120483398438,-15.489120483398438,-15.489120483398438,-13.582870483398438,-13.582870483398438,-12.410995483398438,-12.410995483398438,-12.410995483398438,-9.660995483398438,-9.660995483398438,-8.082870483398438,-8.082870483398438,-6.1766204833984375,-6.1766204833984375,-2.0047454833984375,-2.0047454833984375,-2.0047454833984375,0.4171295166015625,0.4171295166015625,4.5577545166015625,4.5577545166015625,6.6515045166015625
-7.273921012878418,-7.953575611114502,-8.880891799926758,-9.687435150146484,-10.426502227783203,-11.246841430664062,-12.185382843017578,-13.185256958007812,-13.774007797241211,-14.787549018859863,-16.080638885498047,-17.045900344848633,-17.91895866394043,-18.898588180541992,-18.751754760742188,0.7747988104820251,-18.770370483398438,-18.770370483398438,-18.129745483398438,-18.129745483398438,-18.129745483398438,-16.332870483398438,-16.332870483398438,-15.489120483398438,-15.489120483398438,-15.489120483398438,-13.582870483398438,-13.582870483398438,-12.410995483398438,-12.410995483398438,-12.410995483398438,-9.660995483398438,-9.660995483398438,-8.082870483398438,-8.082870483398438,-6.1766204833984375,-6.1766204833984375,-2.0047454833984375,-2.0047454833984375,0.4171295166015625,0.4171295166015625,4.5577545166015625,4.5577545166015625
-8.079867362976074,-8.923394203186035,-9.571906089782715,-10.52310848236084,-11.576031684875488,-12.084429740905762,-12.965536117553711,-14.090291976928711,-14.954410552978516,-15.69990348815918,-16.82491683959961,-17.83838653564453,-18.66258430480957,-19.405412673950195,-7.027573585510254,-19.879745483398438,-19.879745483398438,-19.879745483398438,-18.770370483398438,-18.770370483398438,-18.129745483398438,-18.129745483398438,-18.129745483398438,-16.332870483398438,-16.332870483398438,-15.489120483398438,-15.489120483398438,-15.489120483398438,-13.582870483398438,-13.582870483398438,-12.410995483398438,-12.410995483398438,-9.660995483398438,-9.660995483398438,-9.660995483398438,-8.082870483398438,-8.082870483398438,-6.1766204833984375,-6.1766204833984375,-2.0047454833984375,-2.0047454833984375,0.4171295166015625,0.4171295166015625
-8.608460426330566,-9.673873901367188,-10.325016021728516,-11.114741325378418,-11.959051132202148,-12.570791244506836,-13.300156593322754,-14.439153671264648,-15.128313064575195,-15.916895866394043,-17.06931495666504,-18.009408950805664,-18.59599494934082,-18.934127807617188,-0.5911567211151123,-19.754745483398438,-19.754745483398438,-19.879745483398438,-19.879745483398438,-19.879745483398438,-18.770370483398438,-18.770370483398438,-18.129745483398438,-18.129745483398438,-18.129745483398438,-16.332870483398438,-16.332870483398438,-15.489120483398438,-15.489120483398438,-15.489120483398438,-13.582870483398438,-13.582870483398438,-12.410995483398438,-12.410995483398438,-9.660995483398438,-9.660995483398438,-8.082870483398438,-8.082870483398438,-6.1766204833984375,-6.1766204833984375,-6.1766204833984375,-2.0047454833984375,-2.0047454833984375
-8.810859680175781,-9.86124324798584,-10.49399471282959,-11.156490325927734,-12.027491569519043,-12.669164657592773,-13.27118968963623,-14.173815727233887,-15.14099407196045,-15.841926574707031,-16.66197395324707,-17.879436492919922,-18.170255661010742,-7.914814472198486,-18.864120483398438,-18.864120483398438,-19.754745483398438,-19.754745483398438,-19.754745483398438,-19.879745483398438,-19.879745483398438,-19.879745483398438,-18.770370483398438,-18.770370483398438,-18.129745483398438,-18.129745483398438,-18.129745483398438,-16.332870483398438,-16.332870483398438,-15.489120483398438,-15.489120483398438,-13.582870483398438,-13.582870483398438,-13.582870483398438,-12.410995483398438,-12.410995483398438,-9.660995483398438,-9.660995483398438,-8.082870483398438,-8.082870483398438,-6.1766204833984375,-6.1766204833984375,-2.0047454833984375
-8.784231185913086,-9.867015838623047,-10.622210502624512,-11.17895793914795,-11.797746658325195,-12.629405975341797,-13.131843566894531,-13.700241088867188,-14.775115966796875,-15.606112480163574,-16.192277908325195,-16.952171325683594,-17.59977149963379,-1.957112193107605,-18.145370483398438,-18.145370483398438,-18.864120483398438,-18.864120483398438,-19.754745483398438,-19.754745483398438,-19.754745483398438,-19.879745483398438,-19.879745483398438,-19.879745483398438,-18.770370483398438,-18.770370483398438,-18.129745483398438,-18.129745483398438,-18.129745483398438,-16.332870483398438,-16.332870483398438,-15.489120483398438,-15.489120483398438,-13.582870483398438,-13.582870483398438,-13.582870483398438,-12.410995483398438,-12.410995483398438,-9.660995483398438,-9.660995483398438,-8.082870483398438,-8.082870483398438,-6.1766204833984375
-8.658308982849121,-9.378690719604492,-10.439094543457031,-11.056014060974121,-11.581511497497559,-12.266263008117676,-12.959465980529785,-13.511536598205566,-14.144571304321289,-15.129439353942871,-15.525070190429688,-15.81120491027832,-9.035918235778809,-17.301620483398438,-17.301620483398438,-18.145370483398438,-18.145370483398438,-18.145370483398438,-18.864120483398438,-18.864120483398438,-18.864120483398438,-19.754745483398438,-19.754745483398438,-19.879745483398438,-19.879745483398438,-19.879745483398438,-18.770370483398438,-18.770370483398438,-18.129745483398438,-18.129745483398438,-18.129745483398438,-16.332870483398438,-16.332870483398438,-15.489120483398438,-15.489120483398438,-13.582870483398438,-13.582870483398438,-12.410995483398438,-12.410995483398438,-12.410995483398438,-9.660995483398438,-9.660995483398438,-8.082870483398438
-8.57524585723877,-9.243122100830078,-9.927726745605469,-10.873360633850098,-11.47638988494873,-11.967966079711914,-12.728564262390137,-13.289393424987793,-13.758810997009277,-14.393754005432129,-14.924317359924316,-15.061936378479004,-3.2337393760681152,-15.489120483398438,-15.489120483398438,-17.301620483398438,-17.301620483398438,-18.145370483398438,-18.145370483398438,-18.145370483398438,-18.864120483398438,-18.864120483398438,-18.864120483398438,-19.754745483398438,-19.754745483398438,-19.879745483398438,-19.879745483398438,-19.879745483398438,-18.770370483398438,-18.770370483398438,-18.129745483398438,-18.129745483398438,-18.129745483398438,-16.332870483398438,-16.332870483398438,-15.489120483398438,-15.489120483398438,-13.582870483398438,-13.582870483398438,-12.410995483398438,-12.410995483398438,-9.660995483398438,-9.660995483398438
-8.447057723999023,-9.081260681152344,-9.614716529846191,-10.485816955566406,-11.236889839172363,-11.738088607788086,-12.266494750976562,-13.02856159210205,-13.478052139282227,-13.899629592895508,-14.123847007751465,-9.806734085083008,-14.676620483398438,-14.676620483398438,-15.489120483398438,-15.489120483398438,-15.489120483398438,-17.301620483398438,-17.301620483398438,-18.145370483398438,-18.145370483398438,-18.145370483398438,-18.864120483398438,-18.864120483398438,-18.864120483398438,-19.754745483398438,-19.754745483398438,-19.879745483398438,-19.879745483398438,-19.879745483398438,-18.770370483398438,-18.770370483398438,-18.129745483398438,-18.129745483398438,-18.129745483398438,-16.332870483398438,-16.332870483398438,-15.489120483398438,-15.489120483398438,-13.582870483398438,-13.582870483398438,-12.410995483398438,-12.410995483398438
-8.318876266479492,-8.995696067810059,-9.488003730773926,-10.04854679107666,-10.90780258178711,-11.428431510925293,-11.862435340881348,-12.60926342010498,-13.093154907226562,-13.423956871032715,-13.48963451385498,-4.500407695770264,-13.645370483398438,-14.676620483398438,-14.676620483398438,-14.676620483398438,-15.489120483398438,-15.489120483398438,-15.489120483398438,-17.301620483398438,-17.301620483398438,-17.301620483398438,-18.145370483398438,-18.145370483398438,-18.864120483398438,-18.864120483398438,-18.864120483398438,-19.754745483398438,-19.754745483398438,-19.879745483398438,-19.879745483398438,-19.879745483398438,-18.770370483398438,-18.770370483398438,-18.129745483398438,-18.129745483398438,-18.129745483398438,-16.332870483398438,-16.332870483398438,-15.489120483398438,-15.489120483398438,-13.582870483398438,-13.582870483398438
-8.320164680480957,-8.986127853393555,-9.482889175415039,-9.99909496307373,-10.68136215209961,-11.129992485046387,-11.575878143310547,-12.385161399841309,-12.709113121032715,-12.624579429626465,-10.775620460510254,-13.160995483398438,-13.160995483398438,-13.645370483398438,-13.645370483398438,-13.645370483398438,-14.676620483398438,-14.676620483398438,-15.489120483398438,-15.489120483398438,-15.489120483398438,-17.301620483398438,-17.301620483398438,-17.301620483398438,-18.145370483398438,-18.145370483398438,-18.145370483398438,-18.864120483398438,-18.864120483398438,-19.754745483398438,-19.754745483398438,-19.754745483398438,-19.879745483398438,-19.879745483398438,-18.770370483398438,-18.770370483398438,-18.129745483398438,-18.129745483398438,-18.129745483398438,-16.332870483398438,-16.332870483398438,-15.489120483398438,-15.489120483398438
-8.44533634185791,-9.077372550964355,-9.459794044494629,-9.844101905822754,-10.432106971740723,-10.878434181213379,-11.221076011657715,-11.669685363769531,-12.114838600158691,-11.951959609985352,-5.767076015472412,-11.895370483398438,-13.160995483398438,-13.160995483398438,-13.160995483398438,-13.645370483398438,-13.645370483398438,-13.645370483398438,-14.676620483398438,-14.676620483398438,-14.676620483398438,-15.489120483398438,-15.489120483398438,-17.301620483398438,-17.301620483398438,-17.301620483398438,-18.145370483398438,-18.145370483398438,-18.145370483398438,-18.864120483398438,-18.864120483398438,-19.754745483398438,-19.754745483398438,-19.754745483398438,-19.879745483398438,-19.879745483398438,-18.770370483398438,-18.770370483398438,-18.129745483398438,-18.129745483398438,-18.129745483398438,-16.332870483398438,-16.332870483398438
-8.599949836730957,-9.160917282104492,-9.591992378234863,-9.826560974121094,-10.12312126159668,-10.63719367980957,-10.956572532653809,-11.173849105834961,-11.39867877960205,-11.269000053405762,-11.348495483398438,-11.348495483398438,-11.895370483398438,-11.895370483398438,-11.895370483398438,-13.160995483398438,-13.160995483398438,-13.645370483398438,-13.645370483398438,-13.645370483398438,-14.676620483398438,-14.676620483398438,-14.676620483398438,-15.489120483398438,-15.489120483398438,-15.489120483398438,-17.301620483398438,-17.301620483398438,-18.145370483398438,-18.145370483398438,-18.145370483398438,-18.864120483398438,-18.864120483398438,-19.754745483398438,-19.754745483398438,-19.754745483398438,-19.879745483398438,-19.879745483398438,-18.770370483398438,-18.770370483398438,-18.129745483398438,-18.129745483398438,-16.332870483398438
-8.687686920166016,-9.153295516967773,-9.604203224182129,-9.886488914489746,-10.027085304260254,-10.336309432983398,-10.663177490234375,-10.717940330505371,-10.765755653381348,-7.0337443351745605,-10.832870483398438,-11.348495483398438,-11.348495483398438,-11.348495483398438,-11.895370483398438,-11.895370483398438,-11.895370483398438,-13.160995483398438,-13.160995483398438,-13.160995483398438,-13.645370483398438,-13.645370483398438,-13.645370483398438,-14.676620483398438,-14.676620483398438,-15.489120483398438,-15.489120483398438,-15.489120483398438,-17.301620483398438,-17.301620483398438,-18.145370483398438,-18.145370483398438,-18.145370483398438,-18.864120483398438,-18.864120483398438,-19.754745483398438,-19.754745483398438,-19.754745483398438,-19.879745483398438,-19.879745483398438,-18.770370483398438,-18.770370483398438,-18.129745483398438
-8.685503005981445,-9.190253257751465,-9.504692077636719,-9.865509033203125,-9.95006275177002,-10.033215522766113,-10.293620109558105,-10.279570579528809,-10.167631149291992,-10.145370483398438,-10.832870483398438,-10.832870483398438,-10.832870483398438,-11.348495483398438,-11.348495483398438,-11.348495483398438,-11.895370483398438,-11.895370483398438,-11.895370483398438,-13.160995483398438,-13.160995483398438,-13.160995483398438,-13.645370483398438,-13.645370483398438,-13.645370483398438,-14.676620483398438,-14.676620483398438,-14.676620483398438,-15.489120483398438,-15.489120483398438,-17.301620483398438,-17.301620483398438,-17.301620483398438,-18.145370483398438,-18.145370483398438,-18.864120483398438,-18.864120483398438,-18.864120483398438,-19.754745483398438,-19.754745483398438,-19.879745483398438,-19.879745483398438,-18.770370483398438
-8.229124069213867,-9.056300163269043,-9.395824432373047,-9.645832061767578,-9.793498992919922,-9.820249557495117,-9.886453628540039,-9.905717849731445,-8.322696685791016,-9.942245483398438,-10.145370483398438,-10.145370483398438,-10.145370483398438,-10.832870483398438,-10.832870483398438,-10.832870483398438,-11.348495483398438,-11.348495483398438,-11.348495483398438,-11.895370483398438,-11.895370483398438,-11.895370483398438,-13.160995483398438,-13.160995483398438,-13.645370483398438,-13.645370483398438,-13.645370483398438,-14.676620483398438,-14.676620483398438,-14.676620483398438,-15.489120483398438,-15.489120483398438,-17.301620483398438,-17.301620483398438,-17.301620483398438,-18.145370483398438,-18.145370483398438,-18.864120483398438,-18.864120483398438,-18.864120483398438,-19.754745483398438,-19.754745483398438,-19.879745483398438
