lessons/derecho-2022/jet/velocity/narr_jet_500mb_20220512_1200z_NA_leaflet_velocity.json
{"header": {"parameterCategory": 2, "parameterNumber": 2, "parameterNumberName": "u-wind 500mb", "parameterUnit": "m/s", "nx": 141, "ny": 81, "lo1": -130.0, "la1": 60.0, "dx": 0.5, "dy": 0.5, "refTime": "2022-05-12T12:00:00", "gridUnits": "degrees"}, "data":
[rows 57 to 75 of 81, columns 43 to 85 of 141]
19.443450927734375,19.443450927734375,19.443450927734375,17.959075927734375,16.802825927734375,18.146575927734375,17.459075927734375,17.459075927734375,14.959075927734375,13.380950927734375,12.568450927734375,12.568450927734375,10.677825927734375,8.802825927734375,6.505950927734375,6.505950927734375,4.255950927734375,3.224700927734375,2.240325927734375,2.240325927734375,1.615325927734375,0.537200927734375,0.334075927734375,0.334075927734375,0.240325927734375,0.365325927734375,0.162200927734375,0.162200927734375,-0.650299072265625,-2.119049072265625,-3.103424072265625,-3.103424072265625,-3.994049072265625,-4.962799072265625,-5.212799072265625,-5.212799072265625,-5.572174072265625,-5.790924072265625,-6.009674072265625,-6.009674072265625,-6.275299072265625,-6.415924072265625,-2.693678140640259
19.443450927734375,19.443450927734375,19.443450927734375,17.959075927734375,16.802825927734375,18.146575927734375,17.459075927734375,17.459075927734375,14.959075927734375,13.380950927734375,12.568450927734375,12.568450927734375,10.677825927734375,8.802825927734375,6.505950927734375,6.505950927734375,4.255950927734375,3.224700927734375,2.240325927734375,2.240325927734375,1.615325927734375,0.537200927734375,0.334075927734375,0.334075927734375,0.240325927734375,0.365325927734375,0.162200927734375,-0.650299072265625,-0.650299072265625,-2.119049072265625,-3.103424072265625,-3.994049072265625,-3.994049072265625,-4.962799072265625,-5.212799072265625,-5.572174072265625,-5.572174072265625,-5.790924072265625,-6.009674072265625,-6.275299072265625,-6.275299072265625,-6.415924072265625,-7.087799072265625
19.443450927734375,19.443450927734375,19.443450927734375,17.959075927734375,16.802825927734375,18.146575927734375,17.459075927734375,17.459075927734375,14.959075927734375,13.380950927734375,12.568450927734375,12.568450927734375,10.677825927734375,8.802825927734375,6.505950927734375,6.505950927734375,4.255950927734375,3.224700927734375,2.240325927734375,2.240325927734375,1.615325927734375,0.537200927734375,0.334075927734375,0.240325927734375,0.240325927734375,0.365325927734375,0.162200927734375,-0.650299072265625,-0.650299072265625,-2.119049072265625,-3.103424072265625,-3.994049072265625,-3.994049072265625,-4.962799072265625,-5.212799072265625,-5.572174072265625,-5.572174072265625,-5.790924072265625,-6.009674072265625,-6.275299072265625,-6.415924072265625,-6.415924072265625,-7.087799072265625
19.443450927734375,19.443450927734375,19.443450927734375,17.959075927734375,16.802825927734375,18.146575927734375,17.459075927734375,17.459075927734375,14.959075927734375,13.380950927734375,12.568450927734375,12.568450927734375,10.677825927734375,8.802825927734375,6.505950927734375,6.505950927734375,4.255950927734375,3.224700927734375,2.240325927734375,1.615325927734375,1.615325927734375,0.537200927734375,0.334075927734375,0.240325927734375,0.240325927734375,0.365325927734375,0.162200927734375,-0.650299072265625,-0.650299072265625,-2.119049072265625,-3.103424072265625,-3.994049072265625,-4.962799072265625,-4.962799072265625,-5.212799072265625,-5.572174072265625,-5.790924072265625,-5.790924072265625,-6.009674072265625,-6.275299072265625,-6.415924072265625,-6.415924072265625,-7.087799072265625
19.443450927734375,19.443450927734375,19.443450927734375,17.959075927734375,16.802825927734375,18.146575927734375,17.459075927734375,17.459075927734375,14.959075927734375,13.380950927734375,12.568450927734375,12.568450927734375,10.677825927734375,8.802825927734375,6.505950927734375,4.255950927734375,4.255950927734375,3.224700927734375,2.240325927734375,1.615325927734375,1.615325927734375,0.537200927734375,0.334075927734375,0.240325927734375,0.365325927734375,0.365325927734375,0.162200927734375,-0.650299072265625,-2.119049072265625,-2.119049072265625,-3.103424072265625,-3.994049072265625,-4.962799072265625,-4.962799072265625,-5.212799072265625,-5.572174072265625,-5.790924072265625,-6.009674072265625,-6.009674072265625,-6.275299072265625,-6.415924072265625,-7.087799072265625,-7.087799072265625
19.443450927734375,19.443450927734375,19.443450927734375,17.959075927734375,16.802825927734375,18.146575927734375,17.459075927734375,17.459075927734375,14.959075927734375,13.380950927734375,12.568450927734375,12.568450927734375,10.677825927734375,8.802825927734375,6.505950927734375,4.255950927734375,4.255950927734375,3.224700927734375,2.240325927734375,1.615325927734375,1.615325927734375,0.537200927734375,0.334075927734375,0.240325927734375,0.365325927734375,0.365325927734375,0.162200927734375,-0.650299072265625,-2.119049072265625,-3.103424072265625,-3.103424072265625,-3.994049072265625,-4.962799072265625,-5.212799072265625,-5.212799072265625,-5.572174072265625,-5.790924072265625,-6.009674072265625,-6.275299072265625,-6.275299072265625,-6.415924072265625,-7.087799072265625,-8.103424072265625
19.443450927734375,19.443450927734375,19.443450927734375,17.959075927734375,16.802825927734375,18.146575927734375,17.459075927734375,17.459075927734375,14.959075927734375,13.380950927734375,12.568450927734375,10.677825927734375,10.677825927734375,8.802825927734375,6.505950927734375,4.255950927734375,4.255950927734375,3.224700927734375,2.240325927734375,1.615325927734375,0.537200927734375,0.537200927734375,0.334075927734375,0.240325927734375,0.365325927734375,0.365325927734375,0.162200927734375,-0.650299072265625,-2.119049072265625,-3.103424072265625,-3.103424072265625,-3.994049072265625,-4.962799072265625,-5.212799072265625,-5.572174072265625,-5.572174072265625,-5.790924072265625,-6.009674072265625,-6.275299072265625,-6.275299072265625,-6.415924072265625,-7.087799072265625,-8.103424072265625
19.443450927734375,19.443450927734375,19.443450927734375,17.959075927734375,16.802825927734375,18.146575927734375,17.459075927734375,17.459075927734375,14.959075927734375,13.380950927734375,12.568450927734375,10.677825927734375,10.677825927734375,8.802825927734375,6.505950927734375,4.255950927734375,3.224700927734375,3.224700927734375,2.240325927734375,1.615325927734375,0.537200927734375,0.537200927734375,0.334075927734375,0.240325927734375,0.365325927734375,0.162200927734375,0.162200927734375,-0.650299072265625,-2.119049072265625,-3.103424072265625,-3.994049072265625,-3.994049072265625,-4.962799072265625,-5.212799072265625,-5.572174072265625,-5.572174072265625,-5.790924072265625,-6.009674072265625,-6.275299072265625,-6.415924072265625,-6.415924072265625,-7.087799072265625,-8.103424072265625
19.443450927734375,19.443450927734375,19.443450927734375,17.959075927734375,16.802825927734375,18.146575927734375,17.459075927734375,17.459075927734375,14.959075927734375,13.380950927734375,12.568450927734375,10.677825927734375,10.677825927734375,8.802825927734375,6.505950927734375,4.255950927734375,3.224700927734375,3.224700927734375,2.240325927734375,1.615325927734375,0.537200927734375,0.334075927734375,0.334075927734375,0.240325927734375,0.365325927734375,0.162200927734375,0.162200927734375,-0.650299072265625,-2.119049072265625,-3.103424072265625,-3.994049072265625,-3.994049072265625,-4.962799072265625,-5.212799072265625,-5.572174072265625,-5.790924072265625,-5.790924072265625,-6.009674072265625,-6.275299072265625,-6.415924072265625,-7.087799072265625,-7.087799072265625,-8.103424072265625
19.443450927734375,19.443450927734375,19.443450927734375,17.959075927734375,16.802825927734375,18.146575927734375,17.459075927734375,17.459075927734375,14.959075927734375,13.380950927734375,12.568450927734375,10.677825927734375,10.677825927734375,8.802825927734375,6.505950927734375,4.255950927734375,3.224700927734375,3.224700927734375,2.240325927734375,1.615325927734375,0.537200927734375,0.334075927734375,0.334075927734375,0.240325927734375,0.365325927734375,0.162200927734375,-0.650299072265625,-0.650299072265625,-2.119049072265625,-3.103424072265625,-3.994049072265625,-4.962799072265625,-4.962799072265625,-5.212799072265625,-5.572174072265625,-5.790924072265625,-6.009674072265625,-6.009674072265625,-6.275299072265625,-6.415924072265625,-7.087799072265625,-8.103424072265625,-8.103424072265625
19.443450927734375,19.443450927734375,19.443450927734375,17.959075927734375,16.802825927734375,18.146575927734375,17.459075927734375,17.459075927734375,14.959075927734375,13.380950927734375,12.568450927734375,10.677825927734375,10.677825927734375,8.802825927734375,6.505950927734375,4.255950927734375,3.224700927734375,3.224700927734375,2.240325927734375,1.615325927734375,0.537200927734375,0.334075927734375,0.240325927734375,0.240325927734375,0.365325927734375,0.162200927734375,-0.650299072265625,-2.119049072265625,-2.119049072265625,-3.103424072265625,-3.994049072265625,-4.962799072265625,-5.212799072265625,-5.212799072265625,-5.572174072265625,-5.790924072265625,-6.009674072265625,-6.275299072265625,-6.275299072265625,-6.415924072265625,-7.087799072265625,-8.103424072265625,-8.587799072265625
19.443450927734375,19.443450927734375,19.443450927734375,17.959075927734375,16.802825927734375,18.146575927734375,17.459075927734375,17.459075927734375,14.959075927734375,13.380950927734375,12.568450927734375,10.677825927734375,8.802825927734375,8.802825927734375,6.505950927734375,4.255950927734375,3.224700927734375,2.240325927734375,2.240325927734375,1.615325927734375,0.537200927734375,0.334075927734375,0.240325927734375,0.240325927734375,0.365325927734375,0.162200927734375,-0.650299072265625,-2.119049072265625,-2.119049072265625,-3.103424072265625,-3.994049072265625,-4.962799072265625,-5.212799072265625,-5.212799072265625,-5.572174072265625,-5.790924072265625,-6.009674072265625,-6.275299072265625,-6.415924072265625,-6.415924072265625,-7.087799072265625,-8.103424072265625,-8.587799072265625
19.443450927734375,19.443450927734375,19.443450927734375,17.959075927734375,16.802825927734375,18.146575927734375,17.459075927734375,14.959075927734375,14.959075927734375,13.380950927734375,12.568450927734375,10.677825927734375,8.802825927734375,8.802825927734375,6.505950927734375,4.255950927734375,3.224700927734375,2.240325927734375,2.240325927734375,1.615325927734375,0.537200927734375,0.334075927734375,0.240325927734375,0.365325927734375,0.365325927734375,0.162200927734375,-0.650299072265625,-2.119049072265625,-3.103424072265625,-3.103424072265625,-3.994049072265625,-4.962799072265625,-5.212799072265625,-5.572174072265625,-5.572174072265625,-5.790924072265625,-6.009674072265625,-6.275299072265625,-6.415924072265625,-7.087799072265625,-7.087799072265625,-8.103424072265625,-8.587799072265625
19.443450927734375,19.443450927734375,19.443450927734375,17.959075927734375,16.802825927734375,18.146575927734375,17.459075927734375,14.959075927734375,14.959075927734375,13.380950927734375,12.568450927734375,10.677825927734375,8.802825927734375,8.802825927734375,6.505950927734375,4.255950927734375,3.224700927734375,2.240325927734375,1.615325927734375,1.615325927734375,0.537200927734375,0.334075927734375,0.240325927734375,0.365325927734375,0.365325927734375,0.162200927734375,-0.650299072265625,-2.119049072265625,-3.103424072265625,-3.994049072265625,-3.994049072265625,-4.962799072265625,-5.212799072265625,-5.572174072265625,-5.790924072265625,-5.790924072265625,-6.009674072265625,-6.275299072265625,-6.415924072265625,-7.087799072265625,-8.103424072265625,-8.103424072265625,-8.587799072265625
19.443450927734375,19.443450927734375,19.443450927734375,17.959075927734375,16.802825927734375,18.146575927734375,17.459075927734375,14.959075927734375,14.959075927734375,13.380950927734375,12.568450927734375,10.677825927734375,8.802825927734375,8.802825927734375,6.505950927734375,4.255950927734375,3.224700927734375,2.240325927734375,1.615325927734375,1.615325927734375,0.537200927734375,0.334075927734375,0.240325927734375,0.365325927734375,0.162200927734375,0.162200927734375,-0.650299072265625,-2.119049072265625,-3.103424072265625,-3.994049072265625,-3.994049072265625,-4.962799072265625,-5.212799072265625,-5.572174072265625,-5.790924072265625,-6.009674072265625,-6.009674072265625,-6.275299072265625,-6.415924072265625,-7.087799072265625,-8.103424072265625,-8.587799072265625,-8.587799072265625
19.443450927734375,19.443450927734375,19.443450927734375,17.959075927734375,16.802825927734375,18.146575927734375,17.459075927734375,14.959075927734375,14.959075927734375,13.380950927734375,12.568450927734375,10.677825927734375,8.802825927734375,6.505950927734375,6.505950927734375,4.255950927734375,3.224700927734375,2.240325927734375,1.615325927734375,1.615325927734375,0.537200927734375,0.334075927734375,0.240325927734375,0.365325927734375,0.162200927734375,0.162200927734375,-0.650299072265625,-2.119049072265625,-3.103424072265625,-3.994049072265625,-4.962799072265625,-4.962799072265625,-5.212799072265625,-5.572174072265625,-5.790924072265625,-6.009674072265625,-6.275299072265625,-6.275299072265625,-6.415924072265625,-7.087799072265625,-8.103424072265625,-8.587799072265625,-8.837799072265625
19.443450927734375,19.443450927734375,19.443450927734375,17.959075927734375,16.802825927734375,18.146575927734375,17.459075927734375,14.959075927734375,14.959075927734375,13.380950927734375,12.568450927734375,10.677825927734375,8.802825927734375,6.505950927734375,6.505950927734375,4.255950927734375,3.224700927734375,2.240325927734375,1.615325927734375,0.537200927734375,0.537200927734375,0.334075927734375,0.240325927734375,0.365325927734375,0.162200927734375,-0.650299072265625,-0.650299072265625,-2.119049072265625,-3.103424072265625,-3.994049072265625,-4.962799072265625,-5.212799072265625,-5.212799072265625,-5.572174072265625,-5.790924072265625,-6.009674072265625,-6.275299072265625,-6.415924072265625,-6.415924072265625,-7.087799072265625,-8.103424072265625,-8.587799072265625,-8.837799072265625
19.443450927734375,19.443450927734375,19.443450927734375,17.959075927734375,16.802825927734375,18.146575927734375,17.459075927734375,14.959075927734375,14.959075927734375,13.380950927734375,12.568450927734375,10.677825927734375,8.802825927734375,6.505950927734375,6.505950927734375,4.255950927734375,3.224700927734375,2.240325927734375,1.615325927734375,0.537200927734375,0.334075927734375,0.334075927734375,0.240325927734375,0.365325927734375,0.162200927734375,-0.650299072265625,-2.119049072265625,-2.119049072265625,-3.103424072265625,-3.994049072265625,-4.962799072265625,-5.212799072265625,-5.572174072265625,-5.572174072265625,-5.790924072265625,-6.009674072265625,-6.275299072265625,-6.415924072265625,-7.087799072265625,-7.087799072265625,-8.103424072265625,-8.587799072265625,-8.837799072265625
19.443450927734375,19.443450927734375,19.443450927734375,17.959075927734375,16.802825927734375,18.146575927734375,17.459075927734375,14.959075927734375,14.959075927734375,13.380950927734375,12.568450927734375,10.677825927734375,8.802825927734375,6.505950927734375,4.255950927734375,4.255950927734375,3.224700927734375,2.240325927734375,1.615325927734375,0.537200927734375,0.334075927734375,0.334075927734375,0.240325927734375,0.365325927734375,0.162200927734375,-0.650299072265625,-2.119049072265625,-3.103424072265625,-3.103424072265625,-3.994049072265625,-4.962799072265625,-5.212799072265625,-5.572174072265625,-5.790924072265625,-5.790924072265625,-6.009674072265625,-6.275299072265625,-6.415924072265625,-7.087799072265625,-8.103424072265625,-8.103424072265625,-8.587799072265625,-8.837799072265625
