lessons/derecho-2022/jet/velocity/narr_jet_500mb_20220512_2100z_NA_leaflet_velocity.json
{"header": {"parameterCategory": 2, "parameterNumber": 2, "parameterNumberName": "u-wind 500mb", "parameterUnit": "m/s", "nx": 141, "ny": 81, "lo1": -130.0, "la1": 60.0, "dx": 0.5, "dy": 0.5, "refTime": "2022-05-12T21:00:00", "gridUnits": "degrees"}, "data":
[rows 19 to 37 of 81, columns 86 to 128 of 141]
8.963780403137207,9.432313919067383,9.751485824584961,10.520665168762207,10.561995506286621,10.339874267578125,10.589874267578125,13.511749267578125,13.511749267578125,14.605499267578125,14.605499267578125,15.667999267578125,15.667999267578125,18.886749267578125,18.886749267578125,23.027374267578125,23.027374267578125,26.214874267578125,26.949249267578125,26.949249267578125,27.230499267578125,27.230499267578125,26.839874267578125,26.839874267578125,24.839874267578125,23.480499267578125,23.480499267578125,23.480499267578125,23.480499267578125,23.480499267578125,23.480499267578125,23.480499267578125,23.480499267578125,23.480499267578125,23.480499267578125,23.480499267578125,23.480499267578125,23.480499267578125,23.480499267578125,23.480499267578125,23.480499267578125,23.480499267578125,23.480499267578125
12.028525352478027,12.015612602233887,12.007304191589355,12.967965126037598,13.829426765441895,13.773137092590332,13.333148002624512,13.576079368591309,14.29134750366211,14.491012573242188,14.605499267578125,15.667999267578125,15.667999267578125,18.886749267578125,23.027374267578125,23.027374267578125,26.214874267578125,26.214874267578125,26.949249267578125,26.949249267578125,27.230499267578125,27.230499267578125,26.839874267578125,24.839874267578125,24.839874267578125,23.480499267578125,23.480499267578125,23.480499267578125,23.480499267578125,23.480499267578125,23.480499267578125,23.480499267578125,23.480499267578125,23.480499267578125,23.480499267578125,23.480499267578125,23.480499267578125,23.480499267578125,23.480499267578125,23.480499267578125,23.480499267578125,23.480499267578125,23.480499267578125
14.479273796081543,14.742403030395508,15.005267143249512,15.045084953308105,15.561915397644043,15.871993064880371,16.23947525024414,16.21922492980957,16.395092010498047,16.49428939819336,16.74808120727539,17.214969635009766,18.961835861206055,19.645172119140625,23.027374267578125,23.027374267578125,26.214874267578125,26.214874267578125,26.949249267578125,26.949249267578125,27.230499267578125,26.839874267578125,26.839874267578125,24.839874267578125,24.839874267578125,23.480499267578125,23.480499267578125,23.480499267578125,23.480499267578125,23.480499267578125,23.480499267578125,23.480499267578125,23.480499267578125,23.480499267578125,23.480499267578125,23.480499267578125,23.480499267578125,23.480499267578125,23.480499267578125,23.480499267578125,23.480499267578125,23.480499267578125,23.480499267578125
15.974224090576172,16.062952041625977,16.16020965576172,16.428091049194336,17.119070053100586,17.539304733276367,17.98816680908203,18.450986862182617,19.091075897216797,19.394254684448242,19.59454345703125,19.879741668701172,22.46863555908203,23.334444046020508,23.805238723754883,24.538576126098633,26.11956787109375,26.548398971557617,26.949249267578125,27.230499267578125,27.230499267578125,26.839874267578125,26.839874267578125,24.839874267578125,24.839874267578125,23.480499267578125,23.480499267578125,23.480499267578125,23.480499267578125,23.480499267578125,23.480499267578125,23.480499267578125,23.480499267578125,23.480499267578125,23.480499267578125,23.480499267578125,23.480499267578125,23.480499267578125,23.480499267578125,23.480499267578125,23.480499267578125,23.480499267578125,23.480499267578125
17.322246551513672,17.005990982055664,16.883358001708984,16.96015167236328,17.690074920654297,18.655214309692383,19.6954345703125,20.108884811401367,20.603940963745117,21.091459274291992,21.808631896972656,22.64900779724121,23.53753662109375,23.964370727539062,24.531702041625977,25.313743591308594,26.002016067504883,26.53361701965332,26.442129135131836,26.510986328125,26.492183685302734,26.740848541259766,26.839874267578125,24.839874267578125,23.480499267578125,23.480499267578125,23.480499267578125,23.480499267578125,23.480499267578125,23.480499267578125,23.480499267578125,23.480499267578125,23.480499267578125,23.480499267578125,23.480499267578125,23.480499267578125,23.480499267578125,23.480499267578125,23.480499267578125,23.480499267578125,23.480499267578125,23.480499267578125,23.480499267578125
16.610885620117188,16.871599197387695,17.006139755249023,17.005496978759766,17.20976448059082,18.19649887084961,19.08796501159668,19.8660888671875,20.680517196655273,21.5401554107666,22.151573181152344,22.587491989135742,23.32540512084961,23.976865768432617,24.283706665039062,24.83650779724121,25.231708526611328,25.496273040771484,25.376033782958984,25.204898834228516,24.971290588378906,24.712242126464844,24.299821853637695,23.70716667175293,23.415687561035156,23.480499267578125,23.480499267578125,23.480499267578125,23.480499267578125,23.480499267578125,23.480499267578125,23.480499267578125,23.480499267578125,23.480499267578125,23.480499267578125,23.480499267578125,23.480499267578125,23.480499267578125,23.480499267578125,23.480499267578125,23.480499267578125,23.480499267578125,23.480499267578125
15.085615158081055,15.59223461151123,16.291860580444336,16.426334381103516,16.59033966064453,16.847461700439453,17.995573043823242,18.931076049804688,19.64637565612793,20.663272857666016,21.297273635864258,21.759151458740234,22.31212043762207,22.79698371887207,23.35395622253418,23.70248794555664,23.8820743560791,23.25982666015625,23.448617935180664,23.517580032348633,23.246084213256836,21.73619270324707,21.63066291809082,21.546754837036133,21.621124267578125,23.480499267578125,23.480499267578125,23.480499267578125,23.480499267578125,23.480499267578125,23.480499267578125,23.480499267578125,23.480499267578125,23.480499267578125,23.480499267578125,23.480499267578125,23.480499267578125,23.480499267578125,23.480499267578125,23.480499267578125,23.480499267578125,23.480499267578125,23.480499267578125
13.84323501586914,14.169498443603516,14.647610664367676,15.437429428100586,15.756741523742676,15.974642753601074,16.489877700805664,17.67523765563965,18.18668556213379,18.859100341796875,19.655521392822266,20.022876739501953,20.63615608215332,20.905559539794922,21.116718292236328,21.196983337402344,21.42019271850586,20.984600067138672,20.522789001464844,20.295814514160156,20.185319900512695,19.164457321166992,18.494565963745117,17.666669845581055,17.871124267578125,21.621124267578125,21.621124267578125,23.480499267578125,23.480499267578125,23.480499267578125,23.480499267578125,23.480499267578125,23.480499267578125,23.480499267578125,23.480499267578125,23.480499267578125,23.480499267578125,23.480499267578125,23.480499267578125,23.480499267578125,23.480499267578125,23.480499267578125,23.480499267578125
13.093073844909668,13.250839233398438,13.321405410766602,13.948826789855957,14.696091651916504,15.172768592834473,15.340246200561523,16.083091735839844,16.96819305419922,17.30967140197754,17.936697006225586,18.30402374267578,18.204137802124023,18.586214065551758,19.018033981323242,19.149229049682617,18.265560150146484,18.338462829589844,18.321537017822266,17.439332962036133,16.327533721923828,16.299312591552734,16.201688766479492,15.808624267578125,17.871124267578125,17.871124267578125,21.621124267578125,21.621124267578125,23.480499267578125,23.480499267578125,23.480499267578125,23.480499267578125,23.480499267578125,23.480499267578125,23.480499267578125,23.480499267578125,23.480499267578125,23.480499267578125,23.480499267578125,23.480499267578125,23.480499267578125,23.480499267578125,23.480499267578125
12.511924743652344,12.66526985168457,12.731877326965332,12.956452369689941,13.613014221191406,14.138657569885254,14.517324447631836,15.022342681884766,15.16849422454834,15.406763076782227,15.60513687133789,16.423770904541016,15.88941764831543,15.705069541931152,16.02499008178711,16.45154571533203,15.228318214416504,14.614860534667969,14.55592155456543,14.267504692077637,12.653925895690918,12.08955192565918,13.660711288452148,15.808624267578125,15.808624267578125,17.871124267578125,17.871124267578125,17.871124267578125,21.621124267578125,21.621124267578125,23.480499267578125,23.480499267578125,23.480499267578125,23.480499267578125,23.480499267578125,23.480499267578125,23.480499267578125,23.480499267578125,23.480499267578125,23.480499267578125,23.480499267578125,23.480499267578125,23.480499267578125
12.028674125671387,12.101137161254883,12.192996978759766,12.379895210266113,12.539095878601074,13.08945369720459,13.144427299499512,13.311354637145996,13.38197135925293,13.248470306396484,13.09669017791748,13.271639823913574,13.660836219787598,13.432047843933105,13.31332778930664,13.05241870880127,12.707175254821777,12.036500930786133,11.363905906677246,10.718255996704102,10.114606857299805,9.590801239013672,11.324249267578125,11.324249267578125,11.324249267578125,15.808624267578125,15.808624267578125,17.871124267578125,17.871124267578125,21.621124267578125,21.621124267578125,23.480499267578125,23.480499267578125,23.480499267578125,23.480499267578125,23.480499267578125,23.480499267578125,23.480499267578125,23.480499267578125,23.480499267578125,23.480499267578125,23.480499267578125,23.480499267578125
11.745076179504395,11.629794120788574,11.630035400390625,11.758261680603027,11.743165969848633,11.745466232299805,11.594910621643066,11.358560562133789,11.342830657958984,11.05609130859375,11.14700984954834,11.064021110534668,10.889985084533691,10.640582084655762,10.726112365722656,10.739314079284668,9.096359252929688,8.458330154418945,8.258188247680664,7.776505470275879,6.176848411560059,13.313843727111816,9.042999267578125,9.042999267578125,11.324249267578125,11.324249267578125,15.808624267578125,15.808624267578125,17.871124267578125,17.871124267578125,17.871124267578125,21.621124267578125,21.621124267578125,23.480499267578125,23.480499267578125,23.480499267578125,23.480499267578125,23.480499267578125,23.480499267578125,23.480499267578125,23.480499267578125,23.480499267578125,23.480499267578125
11.385102272033691,11.0872220993042,10.729764938354492,10.79625129699707,10.814148902893066,9.766470909118652,9.268340110778809,9.10604476928711,8.921049118041992,8.140442848205566,7.959593296051025,8.093132019042969,7.940794467926025,7.161093235015869,6.728646755218506,6.638652801513672,5.881888389587402,4.9254560470581055,4.249757766723633,3.9984965324401855,3.3910043239593506,4.777374267578125,4.777374267578125,9.042999267578125,9.042999267578125,11.324249267578125,11.324249267578125,11.324249267578125,15.808624267578125,15.808624267578125,17.871124267578125,17.871124267578125,21.621124267578125,21.621124267578125,23.480499267578125,23.480499267578125,23.480499267578125,23.480499267578125,23.480499267578125,23.480499267578125,23.480499267578125,23.480499267578125,23.480499267578125
10.312155723571777,10.058204650878906,9.237961769104004,8.81135082244873,8.60851001739502,8.124656677246094,7.159149169921875,6.683778762817383,6.1806230545043945,5.892421722412109,5.6421332359313965,4.8382062911987305,4.485253810882568,4.512450218200684,4.159088134765625,2.3738045692443848,2.2372994422912598,2.2199549674987793,1.2993577718734741,-0.055828243494033813,12.164789199829102,2.402374267578125,4.777374267578125,4.777374267578125,4.777374267578125,9.042999267578125,9.042999267578125,11.324249267578125,11.324249267578125,15.808624267578125,15.808624267578125,17.871124267578125,17.871124267578125,17.871124267578125,21.621124267578125,21.621124267578125,23.480499267578125,23.480499267578125,23.480499267578125,23.480499267578125,23.480499267578125,23.480499267578125,23.480499267578125
8.95246410369873,8.09890079498291,7.726219177246094,7.183500289916992,6.244365692138672,5.68284273147583,5.40647029876709,4.937737941741943,3.388819456100464,2.954373598098755,2.8631842136383057,2.132692813873291,0.6048647165298462,0.3856685161590576,0.38005876541137695,-0.8069021105766296,-1.7110751867294312,-2.083601474761963,-2.04506516456604,-0.38512635231018066,-1.894500732421875,-1.894500732421875,2.402374267578125,2.402374267578125,4.777374267578125,4.777374267578125,9.042999267578125,9.042999267578125,9.042999267578125,11.324249267578125,11.324249267578125,15.808624267578125,15.808624267578125,17.871124267578125,17.871124267578125,21.621124267578125,21.621124267578125,23.480499267578125,23.480499267578125,23.480499267578125,23.480499267578125,23.480499267578125,23.480499267578125
7.40507698059082,5.656785488128662,5.043637752532959,4.751601696014404,4.2617645263671875,3.203099012374878,2.6496431827545166,2.1460800170898438,1.2158832550048828,0.49867692589759827,-0.16484814882278442,-0.7985043525695801,-1.4670182466506958,-2.1552536487579346,-2.837977886199951,-3.8215878009796143,-4.16515588760376,-4.794095516204834,-5.335405349731445,11.083209037780762,-4.285125732421875,-1.894500732421875,-1.894500732421875,2.402374267578125,2.402374267578125,2.402374267578125,4.777374267578125,4.777374267578125,9.042999267578125,9.042999267578125,11.324249267578125,11.324249267578125,15.808624267578125,15.808624267578125,15.808624267578125,17.871124267578125,17.871124267578125,21.621124267578125,21.621124267578125,23.480499267578125,23.480499267578125,23.480499267578125,23.480499267578125
4.6939802169799805,3.818006992340088,3.162914991378784,2.262850046157837,1.7827093601226807,1.4542447328567505,0.7948346734046936,-1.0658355951309204,-1.496096134185791,-1.8914258480072021,-2.2101385593414307,-2.9345786571502686,-4.54559326171875,-4.909956932067871,-5.254517078399658,-6.605196475982666,-7.825699806213379,-8.12841510772705,-1.9710310697555542,-6.785125732421875,-4.285125732421875,-4.285125732421875,-4.285125732421875,-1.894500732421875,-1.894500732421875,2.402374267578125,2.402374267578125,4.777374267578125,4.777374267578125,4.777374267578125,9.042999267578125,9.042999267578125,11.324249267578125,11.324249267578125,15.808624267578125,15.808624267578125,17.871124267578125,17.871124267578125,21.621124267578125,21.621124267578125,23.480499267578125,23.480499267578125,23.480499267578125
2.1383752822875977,1.5009443759918213,1.1422991752624512,0.4231054484844208,-0.8554984927177429,-1.4505529403686523,-1.9954386949539185,-3.35475754737854,-4.205246448516846,-4.9838666915893555,-5.382063865661621,-5.704767227172852,-6.980759620666504,-7.843346118927002,-8.664650917053223,-9.10438346862793,-10.397688865661621,-11.253290176391602,9.886372566223145,-10.753875732421875,-6.785125732421875,-6.785125732421875,-4.285125732421875,-4.285125732421875,-1.894500732421875,-1.894500732421875,-1.894500732421875,2.402374267578125,2.402374267578125,4.777374267578125,4.777374267578125,9.042999267578125,9.042999267578125,11.324249267578125,11.324249267578125,11.324249267578125,15.808624267578125,15.808624267578125,17.871124267578125,17.871124267578125,21.621124267578125,21.621124267578125,23.480499267578125
0.5198550224304199,-0.3099571168422699,-0.9000489115715027,-1.6094272136688232,-2.377394199371338,-3.1667277812957764,-4.1882243156433105,-5.422606945037842,-6.062882900238037,-6.619960308074951,-7.383337497711182,-8.784147262573242,-9.216140747070312,-9.74911880493164,-11.385846138000488,-12.338208198547363,-12.757798194885254,-1.4035652875900269,-12.441375732421875,-10.753875732421875,-10.753875732421875,-6.785125732421875,-6.785125732421875,-6.785125732421875,-4.285125732421875,-4.285125732421875,-1.894500732421875,-1.894500732421875,-1.894500732421875,2.402374267578125,2.402374267578125,4.777374267578125,4.777374267578125,9.042999267578125,9.042999267578125,11.324249267578125,11.324249267578125,15.808624267578125,15.808624267578125,17.871124267578125,17.871124267578125,21.621124267578125,21.621124267578125
