lessons/derecho-2022/jet/velocity/narr_jet_500mb_20220512_0600z_NA_leaflet_velocity.json
{"header": {"parameterCategory": 2, "parameterNumber": 3, "parameterNumberName": "v-wind 500mb", "parameterUnit": "m/s", "nx": 141, "ny": 81, "lo1": -130.0, "la1": 60.0, "dx": 0.5, "dy": 0.5, "refTime": "2022-05-12T06:00:00", "gridUnits": "degrees"}, "data":
[rows 57 to 75 of 81, columns 43 to 85 of 141]
21.396194458007812,21.396194458007812,21.396194458007812,20.286819458007812,15.802444458007812,14.318069458007812,13.474319458007812,13.474319458007812,13.224319458007812,11.677444458007812,9.661819458007812,9.661819458007812,7.1930694580078125,5.6930694580078125,3.8180694580078125,3.8180694580078125,2.8805694580078125,2.3805694580078125,1.4118194580078125,1.4118194580078125,1.0211944580078125,0.9430694580078125,0.9430694580078125,0.9430694580078125,0.4118194580078125,0.0211944580078125,-0.4631805419921875,-0.4631805419921875,-1.9788055419921875,-2.6038055419921875,-3.0256805419921875,-3.0256805419921875,-3.6819305419921875,-5.1663055419921875,-6.6350555419921875,-6.6350555419921875,-7.8381805419921875,-8.853805541992188,-10.400680541992188,-10.400680541992188,-13.541305541992188,-16.478805541992188,-15.440966606140137
21.396194458007812,21.396194458007812,21.396194458007812,20.286819458007812,15.802444458007812,14.318069458007812,13.474319458007812,13.474319458007812,13.224319458007812,11.677444458007812,9.661819458007812,9.661819458007812,7.1930694580078125,5.6930694580078125,3.8180694580078125,3.8180694580078125,2.8805694580078125,2.3805694580078125,1.4118194580078125,1.4118194580078125,1.0211944580078125,0.9430694580078125,0.9430694580078125,0.9430694580078125,0.4118194580078125,0.0211944580078125,-0.4631805419921875,-1.9788055419921875,-1.9788055419921875,-2.6038055419921875,-3.0256805419921875,-3.6819305419921875,-3.6819305419921875,-5.1663055419921875,-6.6350555419921875,-7.8381805419921875,-7.8381805419921875,-8.853805541992188,-10.400680541992188,-13.541305541992188,-13.541305541992188,-16.478805541992188,-18.166305541992188
21.396194458007812,21.396194458007812,21.396194458007812,20.286819458007812,15.802444458007812,14.318069458007812,13.474319458007812,13.474319458007812,13.224319458007812,11.677444458007812,9.661819458007812,9.661819458007812,7.1930694580078125,5.6930694580078125,3.8180694580078125,3.8180694580078125,2.8805694580078125,2.3805694580078125,1.4118194580078125,1.4118194580078125,1.0211944580078125,0.9430694580078125,0.9430694580078125,0.4118194580078125,0.4118194580078125,0.0211944580078125,-0.4631805419921875,-1.9788055419921875,-1.9788055419921875,-2.6038055419921875,-3.0256805419921875,-3.6819305419921875,-3.6819305419921875,-5.1663055419921875,-6.6350555419921875,-7.8381805419921875,-7.8381805419921875,-8.853805541992188,-10.400680541992188,-13.541305541992188,-16.478805541992188,-16.478805541992188,-18.166305541992188
21.396194458007812,21.396194458007812,21.396194458007812,20.286819458007812,15.802444458007812,14.318069458007812,13.474319458007812,13.474319458007812,13.224319458007812,11.677444458007812,9.661819458007812,9.661819458007812,7.1930694580078125,5.6930694580078125,3.8180694580078125,3.8180694580078125,2.8805694580078125,2.3805694580078125,1.4118194580078125,1.0211944580078125,1.0211944580078125,0.9430694580078125,0.9430694580078125,0.4118194580078125,0.4118194580078125,0.0211944580078125,-0.4631805419921875,-1.9788055419921875,-1.9788055419921875,-2.6038055419921875,-3.0256805419921875,-3.6819305419921875,-5.1663055419921875,-5.1663055419921875,-6.6350555419921875,-7.8381805419921875,-8.853805541992188,-8.853805541992188,-10.400680541992188,-13.541305541992188,-16.478805541992188,-16.478805541992188,-18.166305541992188
21.396194458007812,21.396194458007812,21.396194458007812,20.286819458007812,15.802444458007812,14.318069458007812,13.474319458007812,13.474319458007812,13.224319458007812,11.677444458007812,9.661819458007812,9.661819458007812,7.1930694580078125,5.6930694580078125,3.8180694580078125,2.8805694580078125,2.8805694580078125,2.3805694580078125,1.4118194580078125,1.0211944580078125,1.0211944580078125,0.9430694580078125,0.9430694580078125,0.4118194580078125,0.0211944580078125,0.0211944580078125,-0.4631805419921875,-1.9788055419921875,-2.6038055419921875,-2.6038055419921875,-3.0256805419921875,-3.6819305419921875,-5.1663055419921875,-5.1663055419921875,-6.6350555419921875,-7.8381805419921875,-8.853805541992188,-10.400680541992188,-10.400680541992188,-13.541305541992188,-16.478805541992188,-18.166305541992188,-18.166305541992188
21.396194458007812,21.396194458007812,21.396194458007812,20.286819458007812,15.802444458007812,14.318069458007812,13.474319458007812,13.474319458007812,13.224319458007812,11.677444458007812,9.661819458007812,9.661819458007812,7.1930694580078125,5.6930694580078125,3.8180694580078125,2.8805694580078125,2.8805694580078125,2.3805694580078125,1.4118194580078125,1.0211944580078125,1.0211944580078125,0.9430694580078125,0.9430694580078125,0.4118194580078125,0.0211944580078125,0.0211944580078125,-0.4631805419921875,-1.9788055419921875,-2.6038055419921875,-3.0256805419921875,-3.0256805419921875,-3.6819305419921875,-5.1663055419921875,-6.6350555419921875,-6.6350555419921875,-7.8381805419921875,-8.853805541992188,-10.400680541992188,-13.541305541992188,-13.541305541992188,-16.478805541992188,-18.166305541992188,-19.666305541992188
21.396194458007812,21.396194458007812,21.396194458007812,20.286819458007812,15.802444458007812,14.318069458007812,13.474319458007812,13.474319458007812,13.224319458007812,11.677444458007812,9.661819458007812,7.1930694580078125,7.1930694580078125,5.6930694580078125,3.8180694580078125,2.8805694580078125,2.8805694580078125,2.3805694580078125,1.4118194580078125,1.0211944580078125,0.9430694580078125,0.9430694580078125,0.9430694580078125,0.4118194580078125,0.0211944580078125,0.0211944580078125,-0.4631805419921875,-1.9788055419921875,-2.6038055419921875,-3.0256805419921875,-3.0256805419921875,-3.6819305419921875,-5.1663055419921875,-6.6350555419921875,-7.8381805419921875,-7.8381805419921875,-8.853805541992188,-10.400680541992188,-13.541305541992188,-13.541305541992188,-16.478805541992188,-18.166305541992188,-19.666305541992188
21.396194458007812,21.396194458007812,21.396194458007812,20.286819458007812,15.802444458007812,14.318069458007812,13.474319458007812,13.474319458007812,13.224319458007812,11.677444458007812,9.661819458007812,7.1930694580078125,7.1930694580078125,5.6930694580078125,3.8180694580078125,2.8805694580078125,2.3805694580078125,2.3805694580078125,1.4118194580078125,1.0211944580078125,0.9430694580078125,0.9430694580078125,0.9430694580078125,0.4118194580078125,0.0211944580078125,-0.4631805419921875,-0.4631805419921875,-1.9788055419921875,-2.6038055419921875,-3.0256805419921875,-3.6819305419921875,-3.6819305419921875,-5.1663055419921875,-6.6350555419921875,-7.8381805419921875,-7.8381805419921875,-8.853805541992188,-10.400680541992188,-13.541305541992188,-16.478805541992188,-16.478805541992188,-18.166305541992188,-19.666305541992188
21.396194458007812,21.396194458007812,21.396194458007812,20.286819458007812,15.802444458007812,14.318069458007812,13.474319458007812,13.474319458007812,13.224319458007812,11.677444458007812,9.661819458007812,7.1930694580078125,7.1930694580078125,5.6930694580078125,3.8180694580078125,2.8805694580078125,2.3805694580078125,2.3805694580078125,1.4118194580078125,1.0211944580078125,0.9430694580078125,0.9430694580078125,0.9430694580078125,0.4118194580078125,0.0211944580078125,-0.4631805419921875,-0.4631805419921875,-1.9788055419921875,-2.6038055419921875,-3.0256805419921875,-3.6819305419921875,-3.6819305419921875,-5.1663055419921875,-6.6350555419921875,-7.8381805419921875,-8.853805541992188,-8.853805541992188,-10.400680541992188,-13.541305541992188,-16.478805541992188,-18.166305541992188,-18.166305541992188,-19.666305541992188
21.396194458007812,21.396194458007812,21.396194458007812,20.286819458007812,15.802444458007812,14.318069458007812,13.474319458007812,13.474319458007812,13.224319458007812,11.677444458007812,9.661819458007812,7.1930694580078125,7.1930694580078125,5.6930694580078125,3.8180694580078125,2.8805694580078125,2.3805694580078125,2.3805694580078125,1.4118194580078125,1.0211944580078125,0.9430694580078125,0.9430694580078125,0.9430694580078125,0.4118194580078125,0.0211944580078125,-0.4631805419921875,-1.9788055419921875,-1.9788055419921875,-2.6038055419921875,-3.0256805419921875,-3.6819305419921875,-5.1663055419921875,-5.1663055419921875,-6.6350555419921875,-7.8381805419921875,-8.853805541992188,-10.400680541992188,-10.400680541992188,-13.541305541992188,-16.478805541992188,-18.166305541992188,-19.666305541992188,-19.666305541992188
21.396194458007812,21.396194458007812,21.396194458007812,20.286819458007812,15.802444458007812,14.318069458007812,13.474319458007812,13.474319458007812,13.224319458007812,11.677444458007812,9.661819458007812,7.1930694580078125,7.1930694580078125,5.6930694580078125,3.8180694580078125,2.8805694580078125,2.3805694580078125,2.3805694580078125,1.4118194580078125,1.0211944580078125,0.9430694580078125,0.9430694580078125,0.4118194580078125,0.4118194580078125,0.0211944580078125,-0.4631805419921875,-1.9788055419921875,-2.6038055419921875,-2.6038055419921875,-3.0256805419921875,-3.6819305419921875,-5.1663055419921875,-6.6350555419921875,-6.6350555419921875,-7.8381805419921875,-8.853805541992188,-10.400680541992188,-13.541305541992188,-13.541305541992188,-16.478805541992188,-18.166305541992188,-19.666305541992188,-20.385055541992188
21.396194458007812,21.396194458007812,21.396194458007812,20.286819458007812,15.802444458007812,14.318069458007812,13.474319458007812,13.474319458007812,13.224319458007812,11.677444458007812,9.661819458007812,7.1930694580078125,5.6930694580078125,5.6930694580078125,3.8180694580078125,2.8805694580078125,2.3805694580078125,1.4118194580078125,1.4118194580078125,1.0211944580078125,0.9430694580078125,0.9430694580078125,0.4118194580078125,0.4118194580078125,0.0211944580078125,-0.4631805419921875,-1.9788055419921875,-2.6038055419921875,-2.6038055419921875,-3.0256805419921875,-3.6819305419921875,-5.1663055419921875,-6.6350555419921875,-6.6350555419921875,-7.8381805419921875,-8.853805541992188,-10.400680541992188,-13.541305541992188,-16.478805541992188,-16.478805541992188,-18.166305541992188,-19.666305541992188,-20.385055541992188
21.396194458007812,21.396194458007812,21.396194458007812,20.286819458007812,15.802444458007812,14.318069458007812,13.474319458007812,13.224319458007812,13.224319458007812,11.677444458007812,9.661819458007812,7.1930694580078125,5.6930694580078125,5.6930694580078125,3.8180694580078125,2.8805694580078125,2.3805694580078125,1.4118194580078125,1.4118194580078125,1.0211944580078125,0.9430694580078125,0.9430694580078125,0.4118194580078125,0.0211944580078125,0.0211944580078125,-0.4631805419921875,-1.9788055419921875,-2.6038055419921875,-3.0256805419921875,-3.0256805419921875,-3.6819305419921875,-5.1663055419921875,-6.6350555419921875,-7.8381805419921875,-7.8381805419921875,-8.853805541992188,-10.400680541992188,-13.541305541992188,-16.478805541992188,-18.166305541992188,-18.166305541992188,-19.666305541992188,-20.385055541992188
21.396194458007812,21.396194458007812,21.396194458007812,20.286819458007812,15.802444458007812,14.318069458007812,13.474319458007812,13.224319458007812,13.224319458007812,11.677444458007812,9.661819458007812,7.1930694580078125,5.6930694580078125,5.6930694580078125,3.8180694580078125,2.8805694580078125,2.3805694580078125,1.4118194580078125,1.0211944580078125,1.0211944580078125,0.9430694580078125,0.9430694580078125,0.4118194580078125,0.0211944580078125,0.0211944580078125,-0.4631805419921875,-1.9788055419921875,-2.6038055419921875,-3.0256805419921875,-3.6819305419921875,-3.6819305419921875,-5.1663055419921875,-6.6350555419921875,-7.8381805419921875,-8.853805541992188,-8.853805541992188,-10.400680541992188,-13.541305541992188,-16.478805541992188,-18.166305541992188,-19.666305541992188,-19.666305541992188,-20.385055541992188
21.396194458007812,21.396194458007812,21.396194458007812,20.286819458007812,15.802444458007812,14.318069458007812,13.474319458007812,13.224319458007812,13.224319458007812,11.677444458007812,9.661819458007812,7.1930694580078125,5.6930694580078125,5.6930694580078125,3.8180694580078125,2.8805694580078125,2.3805694580078125,1.4118194580078125,1.0211944580078125,1.0211944580078125,0.9430694580078125,0.9430694580078125,0.4118194580078125,0.0211944580078125,-0.4631805419921875,-0.4631805419921875,-1.9788055419921875,-2.6038055419921875,-3.0256805419921875,-3.6819305419921875,-3.6819305419921875,-5.1663055419921875,-6.6350555419921875,-7.8381805419921875,-8.853805541992188,-10.400680541992188,-10.400680541992188,-13.541305541992188,-16.478805541992188,-18.166305541992188,-19.666305541992188,-20.385055541992188,-20.385055541992188
21.396194458007812,21.396194458007812,21.396194458007812,20.286819458007812,15.802444458007812,14.318069458007812,13.474319458007812,13.224319458007812,13.224319458007812,11.677444458007812,9.661819458007812,7.1930694580078125,5.6930694580078125,3.8180694580078125,3.8180694580078125,2.8805694580078125,2.3805694580078125,1.4118194580078125,1.0211944580078125,1.0211944580078125,0.9430694580078125,0.9430694580078125,0.4118194580078125,0.0211944580078125,-0.4631805419921875,-0.4631805419921875,-1.9788055419921875,-2.6038055419921875,-3.0256805419921875,-3.6819305419921875,-5.1663055419921875,-5.1663055419921875,-6.6350555419921875,-7.8381805419921875,-8.853805541992188,-10.400680541992188,-13.541305541992188,-13.541305541992188,-16.478805541992188,-18.166305541992188,-19.666305541992188,-20.385055541992188,-21.088180541992188
21.396194458007812,21.396194458007812,21.396194458007812,20.286819458007812,15.802444458007812,14.318069458007812,13.474319458007812,13.224319458007812,13.224319458007812,11.677444458007812,9.661819458007812,7.1930694580078125,5.6930694580078125,3.8180694580078125,3.8180694580078125,2.8805694580078125,2.3805694580078125,1.4118194580078125,1.0211944580078125,0.9430694580078125,0.9430694580078125,0.9430694580078125,0.4118194580078125,0.0211944580078125,-0.4631805419921875,-1.9788055419921875,-1.9788055419921875,-2.6038055419921875,-3.0256805419921875,-3.6819305419921875,-5.1663055419921875,-6.6350555419921875,-6.6350555419921875,-7.8381805419921875,-8.853805541992188,-10.400680541992188,-13.541305541992188,-16.478805541992188,-16.478805541992188,-18.166305541992188,-19.666305541992188,-20.385055541992188,-21.088180541992188
21.396194458007812,21.396194458007812,21.396194458007812,20.286819458007812,15.802444458007812,14.318069458007812,13.474319458007812,13.224319458007812,13.224319458007812,11.677444458007812,9.661819458007812,7.1930694580078125,5.6930694580078125,3.8180694580078125,3.8180694580078125,2.8805694580078125,2.3805694580078125,1.4118194580078125,1.0211944580078125,0.9430694580078125,0.9430694580078125,0.9430694580078125,0.4118194580078125,0.0211944580078125,-0.4631805419921875,-1.9788055419921875,-2.6038055419921875,-2.6038055419921875,-3.0256805419921875,-3.6819305419921875,-5.1663055419921875,-6.6350555419921875,-7.8381805419921875,-7.8381805419921875,-8.853805541992188,-10.400680541992188,-13.541305541992188,-16.478805541992188,-18.166305541992188,-18.166305541992188,-19.666305541992188,-20.385055541992188,-21.088180541992188
21.396194458007812,21.396194458007812,21.396194458007812,20.286819458007812,15.802444458007812,14.318069458007812,13.474319458007812,13.224319458007812,13.224319458007812,11.677444458007812,9.661819458007812,7.1930694580078125,5.6930694580078125,3.8180694580078125,2.8805694580078125,2.8805694580078125,2.3805694580078125,1.4118194580078125,1.0211944580078125,0.9430694580078125,0.9430694580078125,0.9430694580078125,0.4118194580078125,0.0211944580078125,-0.4631805419921875,-1.9788055419921875,-2.6038055419921875,-3.0256805419921875,-3.0256805419921875,-3.6819305419921875,-5.1663055419921875,-6.6350555419921875,-7.8381805419921875,-8.853805541992188,-8.853805541992188,-10.400680541992188,-13.541305541992188,-16.478805541992188,-18.166305541992188,-19.666305541992188,-19.666305541992188,-20.385055541992188,-21.088180541992188
