lessons/derecho-2022/jet/velocity/narr_jet_500mb_20220512_1200z_NA_leaflet_velocity.json
{"header": {"parameterCategory": 2, "parameterNumber": 3, "parameterNumberName": "v-wind 500mb", "parameterUnit": "m/s", "nx": 141, "ny": 81, "lo1": -130.0, "la1": 60.0, "dx": 0.5, "dy": 0.5, "refTime": "2022-05-12T12:00:00", "gridUnits": "degrees"}, "data":
[rows 38 to 56 of 81, columns 44 to 87 of 141]
26.71600341796875,28.955276489257812,30.31180763244629,29.86024284362793,29.166166305541992,28.460798263549805,27.62101936340332,26.74595832824707,25.254703521728516,23.07235336303711,21.946304321289062,20.78345489501953,19.354503631591797,18.75853729248047,18.474533081054688,18.396629333496094,18.185291290283203,17.861854553222656,17.099199295043945,16.407068252563477,15.03960132598877,13.260759353637695,11.806721687316895,10.830327033996582,9.820855140686035,9.05909538269043,8.678789138793945,8.59740924835205,8.7512845993042,8.951848030090332,9.108465194702148,9.43239974975586,8.862808227539062,8.387941360473633,7.912512302398682,6.9765825271606445,5.84036922454834,4.990701198577881,3.917970657348633,2.812126398086548,1.9175502061843872,1.049670696258545,0.14754050970077515,-0.17783991992473602
27.93475341796875,30.004638671875,31.329376220703125,30.68822479248047,30.344390869140625,29.704753875732422,28.80312156677246,27.701189041137695,26.184099197387695,23.81357765197754,21.442729949951172,20.115976333618164,18.94903564453125,18.111324310302734,17.690242767333984,17.541099548339844,17.46303939819336,17.314544677734375,16.474885940551758,15.641282081604004,14.76469612121582,13.02462387084961,11.786209106445312,10.828472137451172,10.112017631530762,9.260627746582031,8.745413780212402,8.683121681213379,8.622868537902832,8.821152687072754,8.699560165405273,8.492780685424805,8.08737850189209,7.394886493682861,6.717045307159424,5.801633358001709,4.484889507293701,3.8495078086853027,3.0806918144226074,1.4070042371749878,0.11800383031368256,-0.39142629504203796,-0.7798296809196472,-1.2277246713638306
31.57537841796875,32.1237678527832,32.55647277832031,31.798086166381836,31.10014533996582,30.76849365234375,30.2359676361084,28.111793518066406,26.609682083129883,24.374359130859375,22.24004364013672,19.703420639038086,18.14434051513672,17.37388801574707,16.95349884033203,16.642423629760742,16.496305465698242,16.293991088867188,15.874360084533691,15.242497444152832,14.495922088623047,13.522977828979492,11.746821403503418,10.661320686340332,10.119780540466309,9.651130676269531,9.013934135437012,8.862226486206055,8.6976957321167,8.593823432922363,8.347312927246094,7.498149871826172,6.713850975036621,5.941874027252197,5.241171360015869,4.587218761444092,2.9833731651306152,1.6897046566009521,1.0659514665603638,0.4356953799724579,-1.1910525560379028,-1.930601716041565,-2.272357940673828,-2.2060627937316895
32.20037841796875,32.79497146606445,32.79363250732422,32.1392822265625,31.467348098754883,31.142181396484375,31.06427001953125,29.634984970092773,26.622922897338867,24.15019989013672,22.140485763549805,20.13393211364746,17.5454158782959,16.54967498779297,15.851966857910156,15.743696212768555,15.659578323364258,15.51844310760498,15.241507530212402,14.055404663085938,13.20432186126709,12.435197830200195,11.8173246383667,10.621222496032715,10.103719711303711,9.682011604309082,9.279764175415039,8.995671272277832,8.591361045837402,8.005363464355469,7.2938971519470215,6.59328556060791,5.616761684417725,4.6910319328308105,3.6462762355804443,2.593374490737915,1.8494013547897339,0.7065075635910034,-0.42443835735321045,-1.5874361991882324,-2.221575975418091,-2.94158673286438,-3.569579839706421,-3.5763514041900635
32.20037841796875,31.924211502075195,32.16619110107422,31.684551239013672,31.351459503173828,30.600605010986328,30.68112564086914,29.37480926513672,27.822324752807617,23.861413955688477,21.317564010620117,19.48681640625,17.393861770629883,16.17755126953125,15.373198509216309,14.781508445739746,14.576172828674316,14.367205619812012,14.102740287780762,13.585121154785156,12.486616134643555,11.608818054199219,10.821273803710938,10.49282455444336,10.014472007751465,9.646514892578125,9.23713207244873,8.771177291870117,8.24451732635498,7.533661365509033,6.629819869995117,5.587099552154541,4.436570167541504,3.7553510665893555,2.7792816162109375,1.4037549495697021,0.11048141121864319,-0.5851181745529175,-1.64549720287323,-3.1469855308532715,-3.9254987239837646,-4.47548770904541,-4.799984931945801,-4.746304988861084
30.93475341796875,31.27773094177246,31.27911949157715,30.653898239135742,30.704504013061523,30.35944938659668,29.48838233947754,28.052749633789062,26.347009658813477,24.340946197509766,21.037336349487305,18.975757598876953,17.645479202270508,15.40290355682373,14.043620109558105,13.30234146118164,13.150040626525879,13.3588285446167,13.181010246276855,12.40330696105957,11.782801628112793,10.924917221069336,10.141546249389648,9.867152214050293,9.675020217895508,9.412960052490234,9.103978157043457,8.561260223388672,7.782167911529541,6.212275981903076,5.451963424682617,4.503212928771973,3.417235851287842,2.2714829444885254,1.5086549520492554,0.3860401511192322,-0.791056215763092,-1.6315200328826904,-2.6656148433685303,-4.147176265716553,-4.797002792358398,-5.5226149559021,-6.1214399337768555,-6.33534574508667
29.74725341796875,29.498367309570312,29.559864044189453,28.906614303588867,29.2634334564209,29.31727409362793,28.749303817749023,27.421260833740234,25.658823013305664,23.65625,19.423830032348633,17.16313934326172,15.991951942443848,15.244922637939453,13.622885704040527,12.488499641418457,11.884273529052734,12.02255630493164,12.197141647338867,11.609599113464355,10.931601524353027,10.248130798339844,9.609899520874023,9.461974143981934,9.340928077697754,9.132444381713867,8.208478927612305,7.572733402252197,6.758518218994141,5.295760631561279,4.098267078399658,3.100407838821411,2.250603437423706,1.5429046154022217,0.6926118731498718,-0.6303200721740723,-1.8031604290008545,-2.551837921142578,-3.31345796585083,-4.869954586029053,-6.453571796417236,-7.099276065826416,-7.475991725921631,-8.098831176757812
27.05975341796875,27.308605194091797,27.728271484375,27.644573211669922,28.060962677001953,28.240524291992188,28.039764404296875,26.86260223388672,24.63547134399414,22.009191513061523,19.969463348388672,17.303319931030273,15.449624061584473,14.064481735229492,12.97101879119873,11.85471248626709,11.141459465026855,11.214997291564941,11.28669548034668,11.06239128112793,10.293432235717773,9.760237693786621,9.229500770568848,8.950451850891113,8.697307586669922,8.361660957336426,7.620244026184082,6.69859504699707,5.542067527770996,4.062126159667969,3.083948850631714,2.2248122692108154,1.0133792161941528,0.308876097202301,-0.3160078227519989,-1.375447154045105,-2.575488805770874,-3.6752445697784424,-4.672970294952393,-5.999144554138184,-7.297854423522949,-8.229707717895508,-9.119749069213867,-9.442984580993652
19.68475341796875,22.581836700439453,24.997629165649414,25.973085403442383,26.167760848999023,26.675865173339844,27.092561721801758,26.16228485107422,24.00444984436035,21.182876586914062,18.35083770751953,16.871849060058594,15.064974784851074,13.54401969909668,12.217653274536133,11.01372241973877,10.277087211608887,10.191981315612793,10.332501411437988,10.394598960876465,9.493690490722656,8.945483207702637,8.619312286376953,8.499290466308594,8.200602531433105,7.526305198669434,6.631143093109131,5.519245147705078,4.578029155731201,2.84194016456604,1.716752529144287,0.9696229696273804,0.33013927936553955,-0.27117255330085754,-1.1278833150863647,-2.0037496089935303,-3.1803135871887207,-4.196352958679199,-5.3321709632873535,-6.861913204193115,-8.258150100708008,-9.093400955200195,-10.391671180725098,-11.186178207397461
15.76287841796875,18.115983963012695,20.098491668701172,23.154577255249023,23.6456356048584,23.84767723083496,24.06885528564453,23.160171508789062,21.885356903076172,19.78537368774414,17.542644500732422,15.92097282409668,14.634393692016602,13.184293746948242,11.085744857788086,10.006551742553711,9.080466270446777,8.815689086914062,8.771000862121582,8.715670585632324,8.643325805664062,8.36136531829834,7.994795799255371,7.702237606048584,7.322678089141846,6.767207145690918,5.673688888549805,4.425375461578369,3.120492458343506,2.055213451385498,1.19588303565979,0.3579198122024536,-0.4359866976737976,-1.1077176332473755,-1.7962380647659302,-2.6078267097473145,-3.8467864990234375,-5.266800403594971,-6.220497131347656,-7.435664653778076,-8.704721450805664,-10.053035736083984,-11.002350807189941,-11.788328170776367
12.20037841796875,14.43857192993164,16.390748977661133,19.198062896728516,21.058095932006836,21.969013214111328,22.264162063598633,21.10226058959961,19.71063804626465,18.231233596801758,16.555635452270508,14.489900588989258,13.243414878845215,12.131723403930664,10.048538208007812,8.46647834777832,7.539690017700195,7.60479736328125,7.755643844604492,7.565973281860352,7.1841721534729,7.408077716827393,7.3303375244140625,7.069630146026611,6.678267955780029,5.870022773742676,4.672532081604004,3.772892713546753,2.4774913787841797,1.111523151397705,-0.010952252894639969,-0.5527909994125366,-1.045077919960022,-1.859692931175232,-2.598809003829956,-3.481165885925293,-4.262435436248779,-5.362236022949219,-6.905511379241943,-8.186480522155762,-9.082267761230469,-10.316793441772461,-11.756563186645508,-12.853806495666504
8.84100341796875,12.0115385055542,15.042250633239746,16.931116104125977,18.811595916748047,20.26074981689453,21.106027603149414,19.984512329101562,17.376399993896484,15.963985443115234,14.629446983337402,12.979264259338379,11.449583053588867,10.0973482131958,8.75178050994873,7.577461242675781,6.587474346160889,5.782438278198242,6.383065223693848,6.617225170135498,6.53127908706665,6.563508033752441,6.6967926025390625,6.283293724060059,5.862781524658203,5.081155776977539,3.835583209991455,2.1699917316436768,1.1590759754180908,0.186524897813797,-0.6905671954154968,-1.2130950689315796,-1.9440889358520508,-2.361931085586548,-2.7876579761505127,-4.30142879486084,-5.273719787597656,-6.154931545257568,-7.347506046295166,-8.858125686645508,-10.170747756958008,-11.055296897888184,-12.369158744812012,-13.585328102111816
8.84100341796875,11.846246719360352,13.945204734802246,15.786385536193848,17.227840423583984,18.510915756225586,19.15052032470703,18.03624725341797,15.930587768554688,13.34852409362793,11.963826179504395,10.7320556640625,9.868753433227539,8.899534225463867,7.022936820983887,5.968620300292969,5.409668922424316,5.190072059631348,5.372354030609131,5.896663665771484,6.004363059997559,5.964540481567383,5.893373489379883,5.6101789474487305,4.702203750610352,3.886035919189453,2.6330320835113525,1.4296001195907593,0.33809319138526917,-1.0049079656600952,-1.4901771545410156,-1.8000651597976685,-2.5067620277404785,-3.0944342613220215,-3.609867572784424,-4.344757556915283,-5.825052738189697,-6.879650592803955,-8.044907569885254,-9.629008293151855,-10.742070198059082,-11.800052642822266,-13.17353343963623,-14.323052406311035
9.30975341796875,10.4081449508667,12.450355529785156,15.065254211425781,16.04634666442871,16.638504028320312,16.849544525146484,15.317797660827637,13.226308822631836,11.738065719604492,10.264128684997559,8.593219757080078,7.61925745010376,6.791799068450928,5.864231586456299,5.147688865661621,4.7704010009765625,4.695306301116943,4.862362384796143,5.2087554931640625,5.563166618347168,5.5028462409973145,5.287370204925537,4.548572063446045,3.9213011264801025,3.1967532634735107,1.161984920501709,-0.014962890185415745,-0.826028048992157,-1.681831955909729,-2.261791706085205,-2.5618975162506104,-2.933966875076294,-3.403921127319336,-3.9590537548065186,-4.75040340423584,-6.173208713531494,-7.559847831726074,-8.672072410583496,-10.491667747497559,-11.972807884216309,-12.7568941116333,-13.96662712097168,-15.231260299682617
9.12225341796875,11.41912841796875,8.223810195922852,9.814545631408691,12.248714447021484,14.269064903259277,14.97887897491455,15.020699501037598,13.093703269958496,9.447254180908203,7.65352201461792,6.9560651779174805,6.457492828369141,5.7615437507629395,4.835305213928223,3.6446878910064697,3.528092861175537,3.8843445777893066,4.41239070892334,4.849761962890625,5.060035228729248,5.083991527557373,4.861752033233643,3.8140125274658203,2.670264482498169,1.8529175519943237,0.8431710004806519,-0.7623956203460693,-1.633929967880249,-2.270625114440918,-2.722294330596924,-3.0735230445861816,-3.4499504566192627,-4.095537185668945,-4.748976707458496,-5.397477626800537,-6.725165367126465,-8.338116645812988,-9.709911346435547,-11.078409194946289,-12.71290111541748,-13.674559593200684,-14.718290328979492,-15.980430603027344
9.12225341796875,11.41912841796875,11.41912841796875,15.16912841796875,16.16912841796875,16.16912841796875,16.10662841796875,13.73162841796875,9.40350341796875,9.40350341796875,3.9914534091949463,5.850961208343506,8.384809494018555,9.143169403076172,8.930048942565918,6.597651481628418,3.5667507648468018,2.552947521209717,2.0549824237823486,0.8865798115730286,0.34920674562454224,2.286569595336914,3.6778407096862793,3.5668253898620605,2.4417688846588135,1.3238472938537598,0.29830315709114075,-1.2256146669387817,-2.219707489013672,-2.721940040588379,-3.25630521774292,-3.75152587890625,-4.1042327880859375,-4.57255744934082,-5.298768043518066,-6.1122026443481445,-7.2643256187438965,-8.819952964782715,-10.049241065979004,-11.722293853759766,-13.410942077636719,-14.43778133392334,-15.435026168823242,-16.695528030395508
9.12225341796875,11.41912841796875,11.41912841796875,15.16912841796875,16.16912841796875,16.16912841796875,16.10662841796875,13.73162841796875,9.40350341796875,9.40350341796875,7.68475341796875,6.84100341796875,6.09100341796875,6.09100341796875,4.80975341796875,3.07537841796875,3.02850341796875,3.02850341796875,-0.24090299010276794,2.2559473514556885,3.3074593544006348,2.839398145675659,-0.08012556284666061,-1.843476414680481,-2.3643453121185303,-3.5546393394470215,-3.21470046043396,-1.4072999954223633,-1.1370609998703003,-2.6352829933166504,-3.726008892059326,-3.8037362098693848,-4.415992259979248,-5.021634101867676,-5.770620822906494,-6.691439151763916,-7.811559677124023,-9.460992813110352,-11.185502052307129,-12.356440544128418,-13.864543914794922,-15.318259239196777,-16.100675582885742,-16.921537399291992
9.12225341796875,11.41912841796875,11.41912841796875,15.16912841796875,16.16912841796875,16.16912841796875,16.10662841796875,13.73162841796875,9.40350341796875,9.40350341796875,7.68475341796875,6.84100341796875,6.09100341796875,6.09100341796875,4.80975341796875,3.07537841796875,3.02850341796875,3.02850341796875,4.18475341796875,4.77850341796875,4.90350341796875,4.90350341796875,4.24725341796875,3.37225341796875,1.62225341796875,1.62225341796875,-4.141805648803711,-2.538386821746826,-3.2512526512145996,-6.0539984703063965,-6.783673286437988,-7.995858192443848,-6.623366355895996,-5.863123416900635,-7.457864761352539,-7.421347618103027,-8.581893920898438,-9.768312454223633,-11.463739395141602,-13.171165466308594,-14.55275821685791,-15.45322036743164,-16.593433380126953,-17.839311599731445
9.12225341796875,11.41912841796875,11.41912841796875,15.16912841796875,16.16912841796875,16.10662841796875,16.10662841796875,13.73162841796875,9.40350341796875,7.68475341796875,7.68475341796875,6.84100341796875,6.09100341796875,4.80975341796875,4.80975341796875,3.07537841796875,3.02850341796875,4.18475341796875,4.18475341796875,4.77850341796875,4.90350341796875,4.24725341796875,4.24725341796875,3.37225341796875,1.62225341796875,0.20037841796875,0.20037841796875,-1.98712158203125,-3.11212158203125,-3.44024658203125,-3.44024658203125,-3.90899658203125,-4.79962158203125,-10.296351432800293,-8.42264175415039,-9.607504844665527,-11.203001022338867,-12.007158279418945,-10.610831260681152,-12.076237678527832,-12.235923767089844,-16.639463424682617,-17.491910934448242,-18.603090286254883
