lessons/derecho-2022/jet/velocity/narr_jet_500mb_20220512_0900z_NA_leaflet_velocity.json
{"header": {"parameterCategory": 2, "parameterNumber": 3, "parameterNumberName": "v-wind 500mb", "parameterUnit": "m/s", "nx": 141, "ny": 81, "lo1": -130.0, "la1": 60.0, "dx": 0.5, "dy": 0.5, "refTime": "2022-05-12T09:00:00", "gridUnits": "degrees"}, "data":
[rows 19 to 37 of 81, columns 43 to 85 of 141]
6.024383544921875,6.279200553894043,6.229693412780762,6.465353965759277,6.799400806427002,7.0275559425354,7.143560409545898,7.420996189117432,7.660146713256836,7.969330787658691,8.293234825134277,9.14201831817627,9.348342895507812,9.58731460571289,9.802871704101562,10.465056419372559,10.914117813110352,11.160399436950684,10.767556190490723,10.418728828430176,9.818120002746582,9.242049217224121,7.765594005584717,6.61278772354126,5.928246974945068,5.61411190032959,5.810835838317871,6.501189231872559,7.38203239440918,7.427623748779297,7.4831109046936035,7.816526889801025,7.807061672210693,7.979430675506592,8.141502380371094,8.472229957580566,8.399250984191895,8.484789848327637,8.286049842834473,8.203007698059082,7.967380046844482,7.961606979370117,7.67838191986084
6.024383544921875,6.346622467041016,6.462684631347656,7.039348125457764,7.6520771980285645,7.881049156188965,8.11806869506836,9.425633430480957,9.72744083404541,10.126022338867188,10.252838134765625,10.672514915466309,11.356986999511719,11.529868125915527,11.61668586730957,11.72188949584961,11.683722496032715,11.897375106811523,11.182516098022461,10.349716186523438,9.405441284179688,8.579876899719238,7.766852378845215,6.644406318664551,5.757554531097412,5.570891857147217,5.689972877502441,5.237786293029785,6.340065002441406,6.457333087921143,6.281610012054443,7.069767951965332,7.777474880218506,8.572295188903809,8.60296630859375,8.355019569396973,8.817781448364258,9.145109176635742,9.827917098999023,10.014793395996094,9.847060203552246,9.616652488708496,9.41015911102295
6.711883544921875,7.588836669921875,7.891165733337402,8.93886661529541,9.759339332580566,10.06419849395752,10.163640022277832,11.276219367980957,12.802837371826172,13.266674041748047,13.888208389282227,13.704185485839844,13.126391410827637,13.271028518676758,13.163936614990234,13.218167304992676,12.817972183227539,12.334989547729492,11.656100273132324,10.74906063079834,9.305188179016113,8.216388702392578,7.166866779327393,6.507562637329102,5.722562313079834,5.6642069816589355,5.862095355987549,4.947160720825195,4.434043884277344,4.664863586425781,5.372155666351318,6.880498886108398,7.428733825683594,7.792382717132568,7.451860427856445,7.2497453689575195,8.433930397033691,9.241817474365234,10.909856796264648,11.919195175170898,12.284854888916016,11.772614479064941,10.797204971313477
9.368133544921875,10.511377334594727,12.565117835998535,13.320089340209961,13.184886932373047,13.42758846282959,13.392778396606445,14.176469802856445,15.144160270690918,15.537894248962402,15.979719161987305,16.969205856323242,16.70640754699707,15.32882022857666,14.336019515991211,13.533676147460938,12.904129981994629,12.313468933105469,11.6262845993042,10.900148391723633,9.906356811523438,8.4046049118042,7.121300220489502,6.16818380355835,5.5904860496521,5.652822494506836,5.634517192840576,4.364860534667969,3.4266819953918457,3.1481189727783203,4.137699604034424,5.698362350463867,4.916215896606445,5.133695602416992,5.760313034057617,5.328188419342041,6.838415622711182,8.877161026000977,11.908448219299316,13.451809883117676,14.338729858398438,15.063467979431152,13.672039031982422
13.508758544921875,13.8283052444458,15.160811424255371,15.779685020446777,15.335790634155273,15.834442138671875,16.88345718383789,17.403820037841797,17.86669921875,18.22395896911621,18.406343460083008,18.319034576416016,17.9520263671875,17.041343688964844,15.232466697692871,13.925450325012207,13.697213172912598,13.214766502380371,12.817474365234375,11.605159759521484,10.4939603805542,9.455368995666504,7.861360549926758,6.606603145599365,5.748974323272705,5.6105122566223145,5.2108612060546875,4.54127311706543,3.8035590648651123,3.23146390914917,3.3154683113098145,4.282742977142334,3.0645313262939453,2.285588026046753,3.0821309089660645,4.718064785003662,6.043707370758057,9.562172889709473,13.33836841583252,16.489492416381836,17.378433227539062,17.45016098022461,17.61598014831543
15.758758544921875,15.726819038391113,16.986770629882812,18.43048667907715,20.104785919189453,19.2667236328125,18.455278396606445,18.499134063720703,18.774377822875977,19.40045166015625,19.365642547607422,18.831478118896484,18.18085479736328,17.33403968811035,16.731515884399414,15.263731002807617,14.541388511657715,14.269391059875488,14.005375862121582,12.969962120056152,11.482924461364746,10.392624855041504,9.328506469726562,7.873016834259033,6.7648468017578125,6.401558876037598,5.9224534034729,5.306525230407715,4.115375995635986,3.3630142211914062,2.971684455871582,2.8351426124572754,1.6425679922103882,1.2560505867004395,1.790651798248291,5.117938995361328,8.24871826171875,11.58317756652832,15.05892276763916,17.800857543945312,20.251689910888672,20.203489303588867,19.097192764282227
16.930633544921875,16.82608413696289,18.03136444091797,19.582773208618164,21.537036895751953,21.32901382446289,20.245529174804688,20.191560745239258,20.141340255737305,20.072553634643555,20.008872985839844,19.369102478027344,18.111501693725586,17.12025260925293,16.159833908081055,15.914960861206055,15.592192649841309,15.31620979309082,15.04512882232666,14.207731246948242,12.725746154785156,11.504852294921875,10.37252140045166,9.284400939941406,7.785555839538574,6.444679260253906,5.454354286193848,4.84212064743042,4.178661823272705,3.2139596939086914,2.596947431564331,1.9598538875579834,0.9794648885726929,0.7718350887298584,1.1710920333862305,3.706411361694336,8.07766342163086,12.892237663269043,15.96709156036377,18.52257537841797,19.956233978271484,21.239171981811523,18.727035522460938
17.805633544921875,17.619762420654297,18.900495529174805,20.684497833251953,22.847135543823242,22.35545539855957,21.264820098876953,19.712942123413086,20.12033462524414,20.84334373474121,20.340944290161133,19.656240463256836,18.481924057006836,16.987058639526367,15.551350593566895,15.542981147766113,15.854697227478027,16.276592254638672,16.205564498901367,15.538597106933594,14.715860366821289,12.829617500305176,11.226117134094238,9.772934913635254,8.546552658081055,7.049298286437988,5.310576915740967,4.330616474151611,3.6283082962036133,2.8159677982330322,2.0917227268218994,1.5726020336151123,1.0403625965118408,0.5034501552581787,1.6541224718093872,4.358064651489258,6.750959396362305,11.985686302185059,15.94153118133545,18.12453269958496,18.574140548706055,18.647459030151367,17.329421997070312
17.805633544921875,19.24374008178711,20.87624740600586,22.56594467163086,24.26842498779297,22.799556732177734,21.424949645996094,20.596664428710938,19.265953063964844,19.90934944152832,20.587900161743164,19.826499938964844,18.585927963256836,17.063386917114258,15.159789085388184,16.30434799194336,17.1672420501709,17.66617774963379,18.007814407348633,16.586013793945312,15.415617942810059,14.21370792388916,12.043230056762695,10.229058265686035,8.962679862976074,7.681366920471191,6.042850971221924,4.214378356933594,3.3678581714630127,2.426119089126587,1.4920421838760376,0.9837151169776917,0.7718883752822876,0.7106768488883972,2.0765910148620605,4.833982944488525,7.289846897125244,10.43154239654541,15.231735229492188,17.750864028930664,18.33939552307129,17.899093627929688,16.40776824951172
20.633758544921875,21.0532283782959,23.608781814575195,24.42966651916504,24.96845054626465,23.545042037963867,20.973894119262695,20.627559661865234,19.88694953918457,19.196990966796875,19.532411575317383,20.008867263793945,19.294862747192383,18.068405151367188,15.284817695617676,17.79515266418457,22.98349952697754,22.18727684020996,20.92319107055664,17.728260040283203,16.203224182128906,14.84782886505127,12.925127983093262,10.758051872253418,9.085344314575195,8.088401794433594,6.758914470672607,5.180731296539307,3.2441465854644775,2.3929238319396973,1.746179461479187,1.3143060207366943,1.0233811140060425,1.027952790260315,2.669886827468872,5.211294174194336,7.443393707275391,10.72831916809082,15.245355606079102,17.312606811523438,17.899240493774414,16.712133407592773,15.730679512023926
21.118133544921875,21.074975967407227,21.981914520263672,22.937192916870117,23.433927536010742,22.202913284301758,20.345294952392578,19.79123878479004,19.517026901245117,18.300161361694336,19.06465721130371,20.00972557067871,21.31365394592285,22.354801177978516,23.098548889160156,26.060958862304688,29.565290451049805,26.36566162109375,24.55495262145996,21.914968490600586,18.352680206298828,16.32712745666504,14.204858779907227,12.060340881347656,9.878358840942383,8.12592601776123,7.204384803771973,6.136082172393799,4.670144081115723,2.8007423877716064,2.2731809616088867,1.8591747283935547,1.8136253356933594,1.867353916168213,3.15918231010437,5.395297527313232,9.103105545043945,11.283185958862305,14.236164093017578,16.128707885742188,15.814106941223145,14.606975555419922,13.427401542663574
20.368133544921875,20.51273536682129,22.144670486450195,23.277111053466797,23.856565475463867,22.61564064025879,20.753305435180664,18.036413192749023,16.97407341003418,17.562334060668945,20.257362365722656,22.83885383605957,24.390657424926758,26.348472595214844,28.343849182128906,26.017309188842773,27.241718292236328,25.95782470703125,25.006498336791992,23.643781661987305,22.106258392333984,19.182950973510742,17.12511444091797,14.106941223144531,11.915722846984863,9.53618335723877,7.55950927734375,6.201075077056885,5.072432518005371,3.6385254859924316,2.5942630767822266,2.3766958713531494,2.4391486644744873,3.1334590911865234,3.737415313720703,4.825399398803711,7.225964546203613,11.015987396240234,12.4439058303833,14.133528709411621,13.564794540405273,11.283568382263184,10.158352851867676
22.040008544921875,21.91907501220703,23.830678939819336,24.59390640258789,23.688186645507812,22.336816787719727,20.57891273498535,19.086156845092773,17.870437622070312,17.64373779296875,20.74363136291504,23.269147872924805,23.70531463623047,23.66996955871582,24.77332878112793,24.838817596435547,23.30765151977539,22.53985023498535,22.159448623657227,22.283510208129883,21.47486114501953,20.68633460998535,19.978681564331055,17.41148567199707,13.909615516662598,11.048422813415527,8.453460693359375,6.245784759521484,5.061072826385498,4.037006855010986,3.230653762817383,2.932063579559326,2.9170587062835693,3.9971542358398438,5.2834882736206055,6.338853359222412,7.314176559448242,9.807458877563477,11.330119132995605,11.648738861083984,11.249277114868164,10.275816917419434,8.836163520812988
25.165008544921875,24.414663314819336,25.296558380126953,24.81309700012207,23.48068618774414,22.288015365600586,20.998310089111328,20.86333656311035,20.035554885864258,19.682390213012695,19.10467529296875,21.270206451416016,21.795835494995117,21.563201904296875,20.668489456176758,20.326847076416016,20.001859664916992,19.529996871948242,19.177488327026367,19.102054595947266,18.15614891052246,17.13994598388672,15.989806175231934,14.886466979980469,12.96480655670166,10.828309059143066,8.32786750793457,6.021029472351074,4.773494243621826,4.115708827972412,3.509190320968628,3.6426992416381836,4.035344123840332,4.476296424865723,5.435257911682129,6.555647850036621,8.124645233154297,9.023916244506836,10.001216888427734,10.411517143249512,10.1870756149292,8.556483268737793,7.146709442138672
26.008758544921875,25.676055908203125,25.81564712524414,25.036537170410156,23.300613403320312,21.93107032775879,20.717906951904297,20.021596908569336,19.989782333374023,19.836326599121094,19.358901977539062,19.067474365234375,19.404163360595703,19.452611923217773,18.892471313476562,18.38435173034668,17.848430633544922,17.157846450805664,16.565793991088867,15.874551773071289,15.664682388305664,15.141098976135254,14.230583190917969,12.42587947845459,10.862455368041992,9.015291213989258,7.800744533538818,5.8092241287231445,4.558241367340088,4.075474739074707,3.849735736846924,4.05050802230835,4.747853755950928,5.806619167327881,6.260405540466309,7.048026084899902,8.24172592163086,8.915003776550293,9.127189636230469,8.478009223937988,7.968337535858154,7.190262317657471,5.963215351104736
26.008758544921875,29.3128662109375,26.685039520263672,25.44551658630371,23.644161224365234,21.839515686035156,20.566429138183594,19.58729362487793,18.81052589416504,18.77227783203125,18.490262985229492,18.22613525390625,18.152185440063477,18.02473258972168,17.909439086914062,17.41615867614746,16.90738868713379,16.374855041503906,16.08355712890625,15.203710556030273,13.99075698852539,13.286625862121582,12.529441833496094,11.349959373474121,10.025016784667969,8.091060638427734,6.414868354797363,5.677452564239502,4.671103477478027,4.690334320068359,4.891533851623535,5.392297744750977,5.768103122711182,6.6477437019348145,7.242128372192383,7.775624752044678,8.74011516571045,8.651379585266113,8.437783241271973,7.7046799659729,6.334829330444336,5.363932132720947,4.776913166046143
27.711883544921875,26.575380325317383,27.7642765045166,25.825077056884766,24.19770622253418,22.561521530151367,20.764434814453125,19.58922576904297,18.810550689697266,18.143592834472656,17.925617218017578,17.753829956054688,17.77954864501953,17.54368782043457,17.30424690246582,16.95868492126465,16.49341583251953,15.936589241027832,15.217025756835938,14.747200965881348,13.87552547454834,13.11767578125,11.63552474975586,10.292208671569824,9.14085578918457,8.156012535095215,6.136475086212158,5.217691898345947,4.937610626220703,5.112825393676758,5.497203826904297,6.071378707885742,6.553964138031006,7.385238170623779,8.085005760192871,8.290949821472168,8.614157676696777,7.4313483238220215,6.689337253570557,5.980752468109131,5.28725528717041,3.9178311824798584,3.1951260566711426
30.993133544921875,15.021089553833008,29.8984432220459,27.634153366088867,24.99911880493164,23.374780654907227,22.057750701904297,20.313079833984375,18.912492752075195,18.22625732421875,17.730300903320312,17.28086280822754,16.893678665161133,16.56638526916504,16.34394645690918,16.189483642578125,15.985040664672852,15.653288841247559,15.228629112243652,14.479161262512207,13.83852767944336,13.106059074401855,12.064812660217285,9.9833345413208,8.392123222351074,7.24000883102417,6.351960182189941,5.7111334800720215,5.400585174560547,5.599481105804443,6.422054290771484,7.0417327880859375,7.538009166717529,7.981626033782959,9.122286796569824,8.814699172973633,8.204889297485352,7.123733043670654,5.5262532234191895,4.383543491363525,3.5558903217315674,3.0535645484924316,2.4643712043762207
32.915008544921875,32.915008544921875,31.070518493652344,28.5644474029541,25.59555435180664,24.095849990844727,23.000690460205078,22.357362747192383,20.344636917114258,18.25209617614746,17.450225830078125,16.833200454711914,16.322317123413086,15.953591346740723,15.7222318649292,15.566411018371582,15.339347839355469,15.236245155334473,15.052837371826172,14.718783378601074,13.806463241577148,12.963262557983398,11.594271659851074,10.48641586303711,8.515005111694336,7.123476505279541,6.162354469299316,5.996288776397705,5.915604114532471,6.137226581573486,6.8325419425964355,7.916247844696045,8.695512771606445,9.06025505065918,9.21743392944336,8.621928215026855,7.147668838500977,5.932612419128418,4.6653361320495605,3.393792152404785,2.087150812149048,1.615298867225647,1.2615586519241333
