lessons/derecho-2022/jet/velocity/narr_jet_500mb_20220512_2100z_NA_leaflet_velocity.json
{"header": {"parameterCategory": 2, "parameterNumber": 3, "parameterNumberName": "v-wind 500mb", "parameterUnit": "m/s", "nx": 141, "ny": 81, "lo1": -130.0, "la1": 60.0, "dx": 0.5, "dy": 0.5, "refTime": "2022-05-12T21:00:00", "gridUnits": "degrees"}, "data":
[rows 57 to 75 of 81, columns 43 to 85 of 141]
2.966644287109375,2.966644287109375,2.966644287109375,3.904144287109375,5.388519287109375,6.841644287109375,10.138519287109375,10.138519287109375,14.951019287109375,18.732269287109375,18.763519287109375,18.763519287109375,17.497894287109375,15.810394287109375,13.201019287109375,13.201019287109375,9.529144287109375,7.763519287109375,6.388519287109375,6.388519287109375,5.779144287109375,4.951019287109375,3.826019287109375,3.826019287109375,2.435394287109375,0.888519287109375,0.279144287109375,0.279144287109375,0.513519287109375,2.638519287109375,2.638519287109375,2.638519287109375,1.560394287109375,-1.173980712890625,-4.533355712890625,-4.533355712890625,-7.892730712890625,-9.720855712890625,-11.252105712890625,-11.252105712890625,-13.314605712890625,-15.533355712890625,-9.804280281066895
2.966644287109375,2.966644287109375,2.966644287109375,3.904144287109375,5.388519287109375,6.841644287109375,10.138519287109375,10.138519287109375,14.951019287109375,18.732269287109375,18.763519287109375,18.763519287109375,17.497894287109375,15.810394287109375,13.201019287109375,13.201019287109375,9.529144287109375,7.763519287109375,6.388519287109375,6.388519287109375,5.779144287109375,4.951019287109375,3.826019287109375,3.826019287109375,2.435394287109375,0.888519287109375,0.279144287109375,0.513519287109375,0.513519287109375,2.638519287109375,2.638519287109375,1.560394287109375,1.560394287109375,-1.173980712890625,-4.533355712890625,-7.892730712890625,-7.892730712890625,-9.720855712890625,-11.252105712890625,-13.314605712890625,-13.314605712890625,-15.533355712890625,-16.611480712890625
2.966644287109375,2.966644287109375,2.966644287109375,3.904144287109375,5.388519287109375,6.841644287109375,10.138519287109375,10.138519287109375,14.951019287109375,18.732269287109375,18.763519287109375,18.763519287109375,17.497894287109375,15.810394287109375,13.201019287109375,13.201019287109375,9.529144287109375,7.763519287109375,6.388519287109375,6.388519287109375,5.779144287109375,4.951019287109375,3.826019287109375,2.435394287109375,2.435394287109375,0.888519287109375,0.279144287109375,0.513519287109375,0.513519287109375,2.638519287109375,2.638519287109375,1.560394287109375,1.560394287109375,-1.173980712890625,-4.533355712890625,-7.892730712890625,-7.892730712890625,-9.720855712890625,-11.252105712890625,-13.314605712890625,-15.533355712890625,-15.533355712890625,-16.611480712890625
2.966644287109375,2.966644287109375,2.966644287109375,3.904144287109375,5.388519287109375,6.841644287109375,10.138519287109375,10.138519287109375,14.951019287109375,18.732269287109375,18.763519287109375,18.763519287109375,17.497894287109375,15.810394287109375,13.201019287109375,13.201019287109375,9.529144287109375,7.763519287109375,6.388519287109375,5.779144287109375,5.779144287109375,4.951019287109375,3.826019287109375,2.435394287109375,2.435394287109375,0.888519287109375,0.279144287109375,0.513519287109375,0.513519287109375,2.638519287109375,2.638519287109375,1.560394287109375,-1.173980712890625,-1.173980712890625,-4.533355712890625,-7.892730712890625,-9.720855712890625,-9.720855712890625,-11.252105712890625,-13.314605712890625,-15.533355712890625,-15.533355712890625,-16.611480712890625
2.966644287109375,2.966644287109375,2.966644287109375,3.904144287109375,5.388519287109375,6.841644287109375,10.138519287109375,10.138519287109375,14.951019287109375,18.732269287109375,18.763519287109375,18.763519287109375,17.497894287109375,15.810394287109375,13.201019287109375,9.529144287109375,9.529144287109375,7.763519287109375,6.388519287109375,5.779144287109375,5.779144287109375,4.951019287109375,3.826019287109375,2.435394287109375,0.888519287109375,0.888519287109375,0.279144287109375,0.513519287109375,2.638519287109375,2.638519287109375,2.638519287109375,1.560394287109375,-1.173980712890625,-1.173980712890625,-4.533355712890625,-7.892730712890625,-9.720855712890625,-11.252105712890625,-11.252105712890625,-13.314605712890625,-15.533355712890625,-16.611480712890625,-16.611480712890625
2.966644287109375,2.966644287109375,2.966644287109375,3.904144287109375,5.388519287109375,6.841644287109375,10.138519287109375,10.138519287109375,14.951019287109375,18.732269287109375,18.763519287109375,18.763519287109375,17.497894287109375,15.810394287109375,13.201019287109375,9.529144287109375,9.529144287109375,7.763519287109375,6.388519287109375,5.779144287109375,5.779144287109375,4.951019287109375,3.826019287109375,2.435394287109375,0.888519287109375,0.888519287109375,0.279144287109375,0.513519287109375,2.638519287109375,2.638519287109375,2.638519287109375,1.560394287109375,-1.173980712890625,-4.533355712890625,-4.533355712890625,-7.892730712890625,-9.720855712890625,-11.252105712890625,-13.314605712890625,-13.314605712890625,-15.533355712890625,-16.611480712890625,-17.955230712890625
2.966644287109375,2.966644287109375,2.966644287109375,3.904144287109375,5.388519287109375,6.841644287109375,10.138519287109375,10.138519287109375,14.951019287109375,18.732269287109375,18.763519287109375,17.497894287109375,17.497894287109375,15.810394287109375,13.201019287109375,9.529144287109375,9.529144287109375,7.763519287109375,6.388519287109375,5.779144287109375,4.951019287109375,4.951019287109375,3.826019287109375,2.435394287109375,0.888519287109375,0.888519287109375,0.279144287109375,0.513519287109375,2.638519287109375,2.638519287109375,2.638519287109375,1.560394287109375,-1.173980712890625,-4.533355712890625,-7.892730712890625,-7.892730712890625,-9.720855712890625,-11.252105712890625,-13.314605712890625,-13.314605712890625,-15.533355712890625,-16.611480712890625,-17.955230712890625
2.966644287109375,2.966644287109375,2.966644287109375,3.904144287109375,5.388519287109375,6.841644287109375,10.138519287109375,10.138519287109375,14.951019287109375,18.732269287109375,18.763519287109375,17.497894287109375,17.497894287109375,15.810394287109375,13.201019287109375,9.529144287109375,7.763519287109375,7.763519287109375,6.388519287109375,5.779144287109375,4.951019287109375,4.951019287109375,3.826019287109375,2.435394287109375,0.888519287109375,0.279144287109375,0.279144287109375,0.513519287109375,2.638519287109375,2.638519287109375,1.560394287109375,1.560394287109375,-1.173980712890625,-4.533355712890625,-7.892730712890625,-7.892730712890625,-9.720855712890625,-11.252105712890625,-13.314605712890625,-15.533355712890625,-15.533355712890625,-16.611480712890625,-17.955230712890625
2.966644287109375,2.966644287109375,2.966644287109375,3.904144287109375,5.388519287109375,6.841644287109375,10.138519287109375,10.138519287109375,14.951019287109375,18.732269287109375,18.763519287109375,17.497894287109375,17.497894287109375,15.810394287109375,13.201019287109375,9.529144287109375,7.763519287109375,7.763519287109375,6.388519287109375,5.779144287109375,4.951019287109375,3.826019287109375,3.826019287109375,2.435394287109375,0.888519287109375,0.279144287109375,0.279144287109375,0.513519287109375,2.638519287109375,2.638519287109375,1.560394287109375,1.560394287109375,-1.173980712890625,-4.533355712890625,-7.892730712890625,-9.720855712890625,-9.720855712890625,-11.252105712890625,-13.314605712890625,-15.533355712890625,-16.611480712890625,-16.611480712890625,-17.955230712890625
2.966644287109375,2.966644287109375,2.966644287109375,3.904144287109375,5.388519287109375,6.841644287109375,10.138519287109375,10.138519287109375,14.951019287109375,18.732269287109375,18.763519287109375,17.497894287109375,17.497894287109375,15.810394287109375,13.201019287109375,9.529144287109375,7.763519287109375,7.763519287109375,6.388519287109375,5.779144287109375,4.951019287109375,3.826019287109375,3.826019287109375,2.435394287109375,0.888519287109375,0.279144287109375,0.513519287109375,0.513519287109375,2.638519287109375,2.638519287109375,1.560394287109375,-1.173980712890625,-1.173980712890625,-4.533355712890625,-7.892730712890625,-9.720855712890625,-11.252105712890625,-11.252105712890625,-13.314605712890625,-15.533355712890625,-16.611480712890625,-17.955230712890625,-17.955230712890625
2.966644287109375,2.966644287109375,2.966644287109375,3.904144287109375,5.388519287109375,6.841644287109375,10.138519287109375,10.138519287109375,14.951019287109375,18.732269287109375,18.763519287109375,17.497894287109375,17.497894287109375,15.810394287109375,13.201019287109375,9.529144287109375,7.763519287109375,7.763519287109375,6.388519287109375,5.779144287109375,4.951019287109375,3.826019287109375,2.435394287109375,2.435394287109375,0.888519287109375,0.279144287109375,0.513519287109375,2.638519287109375,2.638519287109375,2.638519287109375,1.560394287109375,-1.173980712890625,-4.533355712890625,-4.533355712890625,-7.892730712890625,-9.720855712890625,-11.252105712890625,-13.314605712890625,-13.314605712890625,-15.533355712890625,-16.611480712890625,-17.955230712890625,-19.095855712890625
2.966644287109375,2.966644287109375,2.966644287109375,3.904144287109375,5.388519287109375,6.841644287109375,10.138519287109375,10.138519287109375,14.951019287109375,18.732269287109375,18.763519287109375,17.497894287109375,15.810394287109375,15.810394287109375,13.201019287109375,9.529144287109375,7.763519287109375,6.388519287109375,6.388519287109375,5.779144287109375,4.951019287109375,3.826019287109375,2.435394287109375,2.435394287109375,0.888519287109375,0.279144287109375,0.513519287109375,2.638519287109375,2.638519287109375,2.638519287109375,1.560394287109375,-1.173980712890625,-4.533355712890625,-4.533355712890625,-7.892730712890625,-9.720855712890625,-11.252105712890625,-13.314605712890625,-15.533355712890625,-15.533355712890625,-16.611480712890625,-17.955230712890625,-19.095855712890625
2.966644287109375,2.966644287109375,2.966644287109375,3.904144287109375,5.388519287109375,6.841644287109375,10.138519287109375,14.951019287109375,14.951019287109375,18.732269287109375,18.763519287109375,17.497894287109375,15.810394287109375,15.810394287109375,13.201019287109375,9.529144287109375,7.763519287109375,6.388519287109375,6.388519287109375,5.779144287109375,4.951019287109375,3.826019287109375,2.435394287109375,0.888519287109375,0.888519287109375,0.279144287109375,0.513519287109375,2.638519287109375,2.638519287109375,2.638519287109375,1.560394287109375,-1.173980712890625,-4.533355712890625,-7.892730712890625,-7.892730712890625,-9.720855712890625,-11.252105712890625,-13.314605712890625,-15.533355712890625,-16.611480712890625,-16.611480712890625,-17.955230712890625,-19.095855712890625
2.966644287109375,2.966644287109375,2.966644287109375,3.904144287109375,5.388519287109375,6.841644287109375,10.138519287109375,14.951019287109375,14.951019287109375,18.732269287109375,18.763519287109375,17.497894287109375,15.810394287109375,15.810394287109375,13.201019287109375,9.529144287109375,7.763519287109375,6.388519287109375,5.779144287109375,5.779144287109375,4.951019287109375,3.826019287109375,2.435394287109375,0.888519287109375,0.888519287109375,0.279144287109375,0.513519287109375,2.638519287109375,2.638519287109375,1.560394287109375,1.560394287109375,-1.173980712890625,-4.533355712890625,-7.892730712890625,-9.720855712890625,-9.720855712890625,-11.252105712890625,-13.314605712890625,-15.533355712890625,-16.611480712890625,-17.955230712890625,-17.955230712890625,-19.095855712890625
2.966644287109375,2.966644287109375,2.966644287109375,3.904144287109375,5.388519287109375,6.841644287109375,10.138519287109375,14.951019287109375,14.951019287109375,18.732269287109375,18.763519287109375,17.497894287109375,15.810394287109375,15.810394287109375,13.201019287109375,9.529144287109375,7.763519287109375,6.388519287109375,5.779144287109375,5.779144287109375,4.951019287109375,3.826019287109375,2.435394287109375,0.888519287109375,0.279144287109375,0.279144287109375,0.513519287109375,2.638519287109375,2.638519287109375,1.560394287109375,1.560394287109375,-1.173980712890625,-4.533355712890625,-7.892730712890625,-9.720855712890625,-11.252105712890625,-11.252105712890625,-13.314605712890625,-15.533355712890625,-16.611480712890625,-17.955230712890625,-19.095855712890625,-19.095855712890625
2.966644287109375,2.966644287109375,2.966644287109375,3.904144287109375,5.388519287109375,6.841644287109375,10.138519287109375,14.951019287109375,14.951019287109375,18.732269287109375,18.763519287109375,17.497894287109375,15.810394287109375,13.201019287109375,13.201019287109375,9.529144287109375,7.763519287109375,6.388519287109375,5.779144287109375,5.779144287109375,4.951019287109375,3.826019287109375,2.435394287109375,0.888519287109375,0.279144287109375,0.279144287109375,0.513519287109375,2.638519287109375,2.638519287109375,1.560394287109375,-1.173980712890625,-1.173980712890625,-4.533355712890625,-7.892730712890625,-9.720855712890625,-11.252105712890625,-13.314605712890625,-13.314605712890625,-15.533355712890625,-16.611480712890625,-17.955230712890625,-19.095855712890625,-20.127105712890625
2.966644287109375,2.966644287109375,2.966644287109375,3.904144287109375,5.388519287109375,6.841644287109375,10.138519287109375,14.951019287109375,14.951019287109375,18.732269287109375,18.763519287109375,17.497894287109375,15.810394287109375,13.201019287109375,13.201019287109375,9.529144287109375,7.763519287109375,6.388519287109375,5.779144287109375,4.951019287109375,4.951019287109375,3.826019287109375,2.435394287109375,0.888519287109375,0.279144287109375,0.513519287109375,0.513519287109375,2.638519287109375,2.638519287109375,1.560394287109375,-1.173980712890625,-4.533355712890625,-4.533355712890625,-7.892730712890625,-9.720855712890625,-11.252105712890625,-13.314605712890625,-15.533355712890625,-15.533355712890625,-16.611480712890625,-17.955230712890625,-19.095855712890625,-20.127105712890625
2.966644287109375,2.966644287109375,2.966644287109375,3.904144287109375,5.388519287109375,6.841644287109375,10.138519287109375,14.951019287109375,14.951019287109375,18.732269287109375,18.763519287109375,17.497894287109375,15.810394287109375,13.201019287109375,13.201019287109375,9.529144287109375,7.763519287109375,6.388519287109375,5.779144287109375,4.951019287109375,3.826019287109375,3.826019287109375,2.435394287109375,0.888519287109375,0.279144287109375,0.513519287109375,2.638519287109375,2.638519287109375,2.638519287109375,1.560394287109375,-1.173980712890625,-4.533355712890625,-7.892730712890625,-7.892730712890625,-9.720855712890625,-11.252105712890625,-13.314605712890625,-15.533355712890625,-16.611480712890625,-16.611480712890625,-17.955230712890625,-19.095855712890625,-20.127105712890625
2.966644287109375,2.966644287109375,2.966644287109375,3.904144287109375,5.388519287109375,6.841644287109375,10.138519287109375,14.951019287109375,14.951019287109375,18.732269287109375,18.763519287109375,17.497894287109375,15.810394287109375,13.201019287109375,9.529144287109375,9.529144287109375,7.763519287109375,6.388519287109375,5.779144287109375,4.951019287109375,3.826019287109375,3.826019287109375,2.435394287109375,0.888519287109375,0.279144287109375,0.513519287109375,2.638519287109375,2.638519287109375,2.638519287109375,1.560394287109375,-1.173980712890625,-4.533355712890625,-7.892730712890625,-9.720855712890625,-9.720855712890625,-11.252105712890625,-13.314605712890625,-15.533355712890625,-16.611480712890625,-17.955230712890625,-17.955230712890625,-19.095855712890625,-20.127105712890625
