lessons/derecho-2022/jet/velocity/narr_jet_500mb_20220512_2100z_NA_leaflet_velocity.json
{"header": {"parameterCategory": 2, "parameterNumber": 2, "parameterNumberName": "u-wind 500mb", "parameterUnit": "m/s", "nx": 141, "ny": 81, "lo1": -130.0, "la1": 60.0, "dx": 0.5, "dy": 0.5, "refTime": "2022-05-12T21:00:00", "gridUnits": "degrees"}, "data":
[rows 0 to 18 of 81, columns 43 to 85 of 141]
8.808624267578125,8.808624267578125,6.714874267578125,6.714874267578125,7.605499267578125,7.605499267578125,6.964874267578125,6.964874267578125,7.027374267578125,7.027374267578125,3.324249267578125,3.324249267578125,2.714874267578125,2.714874267578125,3.449249267578125,3.449249267578125,4.089874267578125,4.089874267578125,5.199249267578125,5.199249267578125,7.933624267578125,7.933624267578125,9.089874267578125,9.089874267578125,8.902374267578125,8.902374267578125,9.339874267578125,9.339874267578125,10.792999267578125,10.792999267578125,8.011749267578125,8.011749267578125,6.746124267578125,6.746124267578125,5.386749267578125,5.386749267578125,3.511749267578125,3.511749267578125,3.636749267578125,3.636749267578125,4.074249267578125,4.074249267578125,4.761749267578125
8.808624267578125,8.808624267578125,6.714874267578125,6.714874267578125,7.605499267578125,7.605499267578125,6.964874267578125,6.964874267578125,7.027374267578125,7.027374267578125,3.324249267578125,3.324249267578125,2.714874267578125,2.714874267578125,3.449249267578125,3.449249267578125,4.089874267578125,4.089874267578125,5.199249267578125,5.199249267578125,7.933624267578125,7.933624267578125,9.089874267578125,9.089874267578125,8.902374267578125,8.902374267578125,9.339874267578125,9.339874267578125,10.792999267578125,10.792999267578125,8.011749267578125,8.011749267578125,6.746124267578125,6.746124267578125,5.386749267578125,5.386749267578125,3.511749267578125,3.511749267578125,3.636749267578125,3.636749267578125,4.074249267578125,4.074249267578125,4.761749267578125
8.808624267578125,8.808624267578125,6.714874267578125,6.714874267578125,7.605499267578125,7.605499267578125,6.964874267578125,6.964874267578125,7.027374267578125,7.027374267578125,3.324249267578125,3.324249267578125,2.714874267578125,2.714874267578125,3.449249267578125,3.449249267578125,4.089874267578125,4.089874267578125,5.199249267578125,5.199249267578125,7.933624267578125,7.933624267578125,9.089874267578125,9.089874267578125,8.902374267578125,8.902374267578125,9.339874267578125,9.339874267578125,10.792999267578125,10.792999267578125,8.011749267578125,8.011749267578125,6.746124267578125,6.746124267578125,5.386749267578125,5.386749267578125,3.511749267578125,3.511749267578125,3.636749267578125,3.636749267578125,4.074249267578125,4.074249267578125,4.761749267578125
8.808624267578125,8.808624267578125,6.714874267578125,6.714874267578125,7.605499267578125,7.605499267578125,6.964874267578125,6.964874267578125,7.027374267578125,7.027374267578125,3.324249267578125,3.324249267578125,2.714874267578125,2.714874267578125,3.449249267578125,3.449249267578125,4.089874267578125,4.089874267578125,5.199249267578125,5.199249267578125,7.933624267578125,7.933624267578125,9.089874267578125,9.089874267578125,8.902374267578125,8.902374267578125,9.339874267578125,9.339874267578125,10.792999267578125,10.792999267578125,8.011749267578125,8.011749267578125,6.746124267578125,6.746124267578125,5.386749267578125,5.386749267578125,3.511749267578125,3.511749267578125,3.636749267578125,3.636749267578125,4.074249267578125,4.074249267578125,4.761749267578125
8.808624267578125,8.808624267578125,6.714874267578125,6.714874267578125,7.605499267578125,7.605499267578125,6.964874267578125,6.964874267578125,7.027374267578125,7.027374267578125,3.324249267578125,3.324249267578125,2.714874267578125,2.714874267578125,3.449249267578125,3.449249267578125,4.089874267578125,4.089874267578125,5.199249267578125,5.199249267578125,7.933624267578125,7.933624267578125,9.089874267578125,9.089874267578125,8.902374267578125,8.902374267578125,9.339874267578125,9.339874267578125,10.792999267578125,10.792999267578125,8.011749267578125,8.011749267578125,6.746124267578125,6.746124267578125,5.386749267578125,5.386749267578125,3.511749267578125,3.511749267578125,3.636749267578125,3.636749267578125,4.074249267578125,4.074249267578125,4.761749267578125
8.808624267578125,8.808624267578125,6.714874267578125,6.714874267578125,7.605499267578125,7.605499267578125,6.964874267578125,6.964874267578125,7.027374267578125,7.027374267578125,3.324249267578125,3.324249267578125,2.714874267578125,2.714874267578125,3.449249267578125,3.449249267578125,4.089874267578125,4.089874267578125,5.199249267578125,5.199249267578125,7.933624267578125,7.933624267578125,9.089874267578125,9.089874267578125,8.902374267578125,8.902374267578125,9.339874267578125,9.339874267578125,10.792999267578125,10.792999267578125,8.011749267578125,8.011749267578125,6.746124267578125,6.746124267578125,5.386749267578125,5.386749267578125,3.511749267578125,3.511749267578125,3.636749267578125,3.636749267578125,4.074249267578125,4.074249267578125,4.761749267578125
8.808624267578125,8.808624267578125,6.714874267578125,6.714874267578125,7.605499267578125,7.605499267578125,6.964874267578125,6.964874267578125,7.027374267578125,7.027374267578125,3.324249267578125,3.324249267578125,2.714874267578125,2.714874267578125,3.449249267578125,3.449249267578125,4.089874267578125,4.089874267578125,5.199249267578125,5.199249267578125,7.933624267578125,7.933624267578125,9.089874267578125,9.089874267578125,8.902374267578125,8.902374267578125,9.339874267578125,9.339874267578125,10.792999267578125,10.792999267578125,8.011749267578125,8.011749267578125,6.746124267578125,6.746124267578125,5.386749267578125,5.386749267578125,3.511749267578125,3.511749267578125,3.636749267578125,3.636749267578125,4.074249267578125,4.074249267578125,4.761749267578125
8.808624267578125,8.808624267578125,6.714874267578125,6.714874267578125,7.605499267578125,7.605499267578125,6.964874267578125,6.964874267578125,7.027374267578125,7.027374267578125,3.324249267578125,3.324249267578125,2.714874267578125,2.714874267578125,3.449249267578125,3.449249267578125,4.089874267578125,4.089874267578125,5.199249267578125,5.199249267578125,7.933624267578125,7.933624267578125,9.089874267578125,9.089874267578125,8.902374267578125,8.902374267578125,9.339874267578125,9.339874267578125,10.792999267578125,10.792999267578125,8.011749267578125,8.011749267578125,6.746124267578125,6.746124267578125,5.386749267578125,5.386749267578125,3.511749267578125,3.636749267578125,3.636749267578125,4.074249267578125,4.074249267578125,4.761749267578125,4.761749267578125
8.808624267578125,8.808624267578125,6.714874267578125,6.714874267578125,7.605499267578125,7.605499267578125,6.964874267578125,6.964874267578125,7.027374267578125,7.027374267578125,3.324249267578125,3.324249267578125,2.714874267578125,2.714874267578125,3.449249267578125,3.449249267578125,4.089874267578125,4.089874267578125,5.199249267578125,5.199249267578125,7.933624267578125,7.933624267578125,9.089874267578125,9.089874267578125,8.902374267578125,8.902374267578125,9.339874267578125,9.339874267578125,10.792999267578125,10.792999267578125,8.011749267578125,6.746124267578125,6.746124267578125,5.386749267578125,5.386749267578125,3.511749267578125,3.511749267578125,3.636749267578125,3.636749267578125,4.074249267578125,4.074249267578125,4.761749267578125,4.761749267578125
8.808624267578125,8.808624267578125,6.714874267578125,6.714874267578125,7.605499267578125,7.605499267578125,6.964874267578125,6.964874267578125,7.027374267578125,7.027374267578125,3.324249267578125,3.324249267578125,2.714874267578125,2.714874267578125,3.449249267578125,3.449249267578125,4.089874267578125,4.089874267578125,5.199249267578125,5.199249267578125,7.933624267578125,7.933624267578125,9.089874267578125,9.089874267578125,8.902374267578125,8.902374267578125,9.339874267578125,10.792999267578125,10.792999267578125,8.011749267578125,8.011749267578125,6.746124267578125,6.746124267578125,5.386749267578125,5.386749267578125,3.511749267578125,3.511749267578125,3.636749267578125,3.636749267578125,4.074249267578125,4.074249267578125,4.761749267578125,4.761749267578125
8.808624267578125,8.808624267578125,6.714874267578125,6.714874267578125,7.605499267578125,7.605499267578125,6.964874267578125,6.964874267578125,7.027374267578125,7.027374267578125,3.324249267578125,3.324249267578125,2.714874267578125,2.714874267578125,3.449249267578125,3.449249267578125,4.089874267578125,4.089874267578125,5.199249267578125,5.199249267578125,7.933624267578125,7.933624267578125,9.089874267578125,9.089874267578125,8.902374267578125,9.339874267578125,9.339874267578125,10.792999267578125,10.792999267578125,8.011749267578125,8.011749267578125,6.746124267578125,6.746124267578125,5.386749267578125,5.386749267578125,3.511749267578125,3.511749267578125,3.636749267578125,3.636749267578125,4.074249267578125,4.074249267578125,4.761749267578125,4.761749267578125
8.808624267578125,8.808624267578125,6.714874267578125,6.714874267578125,7.605499267578125,7.605499267578125,6.964874267578125,6.964874267578125,7.027374267578125,7.027374267578125,3.324249267578125,3.324249267578125,2.714874267578125,2.714874267578125,3.449249267578125,3.449249267578125,4.089874267578125,4.089874267578125,5.199249267578125,5.199249267578125,7.933624267578125,9.089874267578125,9.089874267578125,8.902374267578125,8.902374267578125,9.339874267578125,9.339874267578125,10.792999267578125,10.792999267578125,8.011749267578125,8.011749267578125,6.746124267578125,6.746124267578125,5.386749267578125,5.386749267578125,3.511749267578125,3.511749267578125,3.636749267578125,3.636749267578125,4.074249267578125,4.074249267578125,4.761749267578125,4.761749267578125
8.808624267578125,8.808624267578125,6.714874267578125,6.714874267578125,7.605499267578125,7.605499267578125,6.964874267578125,6.964874267578125,7.027374267578125,7.027374267578125,3.324249267578125,3.324249267578125,2.714874267578125,2.714874267578125,3.449249267578125,3.449249267578125,4.089874267578125,4.089874267578125,5.199249267578125,7.933624267578125,7.933624267578125,9.089874267578125,9.089874267578125,8.902374267578125,8.902374267578125,9.339874267578125,9.339874267578125,10.792999267578125,10.792999267578125,8.011749267578125,8.011749267578125,6.746124267578125,6.746124267578125,5.386749267578125,5.386749267578125,3.511749267578125,3.511749267578125,3.636749267578125,3.636749267578125,4.074249267578125,4.074249267578125,4.761749267578125,5.621124267578125
8.808624267578125,8.808624267578125,6.714874267578125,6.714874267578125,7.605499267578125,7.605499267578125,6.964874267578125,6.964874267578125,7.027374267578125,7.027374267578125,3.324249267578125,3.324249267578125,2.714874267578125,2.714874267578125,3.449249267578125,3.449249267578125,4.089874267578125,5.199249267578125,5.199249267578125,7.933624267578125,7.933624267578125,9.089874267578125,9.089874267578125,8.902374267578125,8.902374267578125,9.339874267578125,9.339874267578125,10.792999267578125,10.792999267578125,8.011749267578125,8.011749267578125,6.746124267578125,6.746124267578125,5.386749267578125,5.386749267578125,3.511749267578125,3.511749267578125,3.636749267578125,3.636749267578125,4.074249267578125,4.761749267578125,4.761749267578125,5.621124267578125
8.808624267578125,8.808624267578125,6.714874267578125,6.714874267578125,7.605499267578125,7.605499267578125,6.964874267578125,6.964874267578125,7.027374267578125,7.027374267578125,3.324249267578125,3.324249267578125,2.714874267578125,2.714874267578125,3.449249267578125,3.449249267578125,4.089874267578125,5.199249267578125,5.199249267578125,7.933624267578125,7.933624267578125,9.089874267578125,9.089874267578125,8.902374267578125,8.902374267578125,9.339874267578125,9.339874267578125,10.792999267578125,10.792999267578125,8.011749267578125,8.011749267578125,6.746124267578125,6.746124267578125,5.386749267578125,5.386749267578125,3.511749267578125,3.511749267578125,3.636749267578125,4.074249267578125,4.074249267578125,4.761749267578125,4.761749267578125,5.621124267578125
8.808624267578125,7.55226469039917,6.437213897705078,6.432950496673584,6.901552200317383,6.580869674682617,6.2894392013549805,6.097746849060059,6.223331451416016,5.370689392089844,3.487677574157715,3.029261589050293,2.7280080318450928,2.714874267578125,3.449249267578125,4.089874267578125,4.089874267578125,5.199249267578125,5.199249267578125,7.933624267578125,7.933624267578125,9.089874267578125,9.089874267578125,8.902374267578125,8.902374267578125,9.339874267578125,9.339874267578125,10.792999267578125,10.792999267578125,8.011749267578125,8.011749267578125,6.746124267578125,6.746124267578125,5.386749267578125,3.511749267578125,3.511749267578125,3.636749267578125,3.636749267578125,4.074249267578125,4.074249267578125,4.761749267578125,4.761749267578125,5.621124267578125
3.871124267578125,3.749542236328125,3.563460111618042,3.696220874786377,4.271864414215088,3.726806879043579,2.3119096755981445,1.507784128189087,1.0150535106658936,1.2277103662490845,1.5709930658340454,1.8596900701522827,2.217993974685669,3.136251449584961,3.9959962368011475,6.081152439117432,7.012344837188721,7.729233741760254,8.088107109069824,8.518969535827637,9.443599700927734,9.85107707977295,10.534974098205566,10.433780670166016,10.13214111328125,10.032153129577637,10.19981575012207,10.651561737060547,10.792999267578125,8.011749267578125,8.011749267578125,6.746124267578125,5.386749267578125,5.386749267578125,3.511749267578125,3.511749267578125,3.636749267578125,3.636749267578125,4.074249267578125,4.074249267578125,4.761749267578125,4.761749267578125,5.621124267578125
1.292999267578125,1.5324093103408813,1.2430166006088257,0.970542848110199,0.7163771986961365,0.614363968372345,0.30819639563560486,-0.07326217740774155,-0.1836932897567749,1.0137509107589722,2.067887783050537,3.60996150970459,4.587488651275635,5.663309574127197,6.496926784515381,7.3143720626831055,8.928817749023438,9.724034309387207,10.540189743041992,11.082547187805176,11.572626113891602,11.97292709350586,12.576163291931152,13.551922798156738,13.884675979614258,13.76389217376709,13.839064598083496,13.99796199798584,13.891570091247559,12.670417785644531,11.219780921936035,9.872193336486816,8.391189575195312,6.403214454650879,4.622649192810059,3.6668660640716553,3.636749267578125,3.636749267578125,4.074249267578125,4.074249267578125,4.761749267578125,4.761749267578125,5.621124267578125
0.027374267578125,0.27191677689552307,0.13691189885139465,-0.09471980482339859,-0.4529380202293396,-0.6179969906806946,-0.7888544201850891,-0.03968767821788788,0.5036764740943909,1.6502529382705688,3.023441791534424,4.176844120025635,5.67218017578125,6.961790084838867,8.049954414367676,8.96518611907959,9.786771774291992,10.586348533630371,11.589561462402344,12.407917022705078,13.257390022277832,13.866229057312012,14.744091033935547,15.223149299621582,15.903813362121582,16.58002471923828,18.10207176208496,18.56020164489746,18.581398010253906,18.203359603881836,17.21786117553711,15.097983360290527,13.485604286193848,11.248764991760254,7.289616584777832,5.754178524017334,5.16414737701416,5.027593612670898,4.990213394165039,5.589545726776123,5.5813140869140625,5.705946922302246,5.75190544128418
