lessons/derecho-2022/jet/velocity/narr_jet_500mb_20220512_1800z_NA_leaflet_velocity.json
{"header": {"parameterCategory": 2, "parameterNumber": 2, "parameterNumberName": "u-wind 500mb", "parameterUnit": "m/s", "nx": 141, "ny": 81, "lo1": -130.0, "la1": 60.0, "dx": 0.5, "dy": 0.5, "refTime": "2022-05-12T18:00:00", "gridUnits": "degrees"}, "data":
[rows 57 to 75 of 81, columns 44 to 87 of 141]
16.07318115234375,16.07318115234375,14.82318115234375,13.62005615234375,14.74505615234375,15.69818115234375,15.69818115234375,15.49505615234375,12.68255615234375,10.52630615234375,10.52630615234375,7.94818115234375,7.05755615234375,6.46380615234375,6.46380615234375,5.57318115234375,5.04193115234375,4.57318115234375,4.57318115234375,4.49505615234375,4.24505615234375,3.87005615234375,3.87005615234375,3.29193115234375,2.05755615234375,0.93255615234375,0.93255615234375,-0.87994384765625,-2.73931884765625,-3.48931884765625,-3.48931884765625,-3.92681884765625,-4.39556884765625,-4.67681884765625,-4.67681884765625,-4.72369384765625,-4.62994384765625,-4.61431884765625,-4.61431884765625,-5.11431884765625,-5.84869384765625,-3.7178475856781006,-4.444418430328369,-5.091794967651367
16.07318115234375,16.07318115234375,14.82318115234375,13.62005615234375,14.74505615234375,15.69818115234375,15.69818115234375,15.49505615234375,12.68255615234375,10.52630615234375,10.52630615234375,7.94818115234375,7.05755615234375,6.46380615234375,6.46380615234375,5.57318115234375,5.04193115234375,4.57318115234375,4.57318115234375,4.49505615234375,4.24505615234375,3.87005615234375,3.87005615234375,3.29193115234375,2.05755615234375,0.93255615234375,-0.87994384765625,-0.87994384765625,-2.73931884765625,-3.48931884765625,-3.92681884765625,-3.92681884765625,-4.39556884765625,-4.67681884765625,-4.72369384765625,-4.72369384765625,-4.62994384765625,-4.61431884765625,-5.11431884765625,-5.11431884765625,-5.84869384765625,-6.62994384765625,-7.69244384765625,-7.69244384765625
16.07318115234375,16.07318115234375,14.82318115234375,13.62005615234375,14.74505615234375,15.69818115234375,15.69818115234375,15.49505615234375,12.68255615234375,10.52630615234375,10.52630615234375,7.94818115234375,7.05755615234375,6.46380615234375,6.46380615234375,5.57318115234375,5.04193115234375,4.57318115234375,4.57318115234375,4.49505615234375,4.24505615234375,3.87005615234375,3.29193115234375,3.29193115234375,2.05755615234375,0.93255615234375,-0.87994384765625,-0.87994384765625,-2.73931884765625,-3.48931884765625,-3.92681884765625,-3.92681884765625,-4.39556884765625,-4.67681884765625,-4.72369384765625,-4.72369384765625,-4.62994384765625,-4.61431884765625,-5.11431884765625,-5.84869384765625,-5.84869384765625,-6.62994384765625,-7.69244384765625,-8.16119384765625
16.07318115234375,16.07318115234375,14.82318115234375,13.62005615234375,14.74505615234375,15.69818115234375,15.69818115234375,15.49505615234375,12.68255615234375,10.52630615234375,10.52630615234375,7.94818115234375,7.05755615234375,6.46380615234375,6.46380615234375,5.57318115234375,5.04193115234375,4.57318115234375,4.49505615234375,4.49505615234375,4.24505615234375,3.87005615234375,3.29193115234375,3.29193115234375,2.05755615234375,0.93255615234375,-0.87994384765625,-0.87994384765625,-2.73931884765625,-3.48931884765625,-3.92681884765625,-4.39556884765625,-4.39556884765625,-4.67681884765625,-4.72369384765625,-4.62994384765625,-4.62994384765625,-4.61431884765625,-5.11431884765625,-5.84869384765625,-5.84869384765625,-6.62994384765625,-7.69244384765625,-8.16119384765625
16.07318115234375,16.07318115234375,14.82318115234375,13.62005615234375,14.74505615234375,15.69818115234375,15.69818115234375,15.49505615234375,12.68255615234375,10.52630615234375,10.52630615234375,7.94818115234375,7.05755615234375,6.46380615234375,5.57318115234375,5.57318115234375,5.04193115234375,4.57318115234375,4.49505615234375,4.49505615234375,4.24505615234375,3.87005615234375,3.29193115234375,2.05755615234375,2.05755615234375,0.93255615234375,-0.87994384765625,-2.73931884765625,-2.73931884765625,-3.48931884765625,-3.92681884765625,-4.39556884765625,-4.39556884765625,-4.67681884765625,-4.72369384765625,-4.62994384765625,-4.61431884765625,-4.61431884765625,-5.11431884765625,-5.84869384765625,-6.62994384765625,-6.62994384765625,-7.69244384765625,-8.16119384765625
16.07318115234375,16.07318115234375,14.82318115234375,13.62005615234375,14.74505615234375,15.69818115234375,15.69818115234375,15.49505615234375,12.68255615234375,10.52630615234375,10.52630615234375,7.94818115234375,7.05755615234375,6.46380615234375,5.57318115234375,5.57318115234375,5.04193115234375,4.57318115234375,4.49505615234375,4.49505615234375,4.24505615234375,3.87005615234375,3.29193115234375,2.05755615234375,2.05755615234375,0.93255615234375,-0.87994384765625,-2.73931884765625,-3.48931884765625,-3.48931884765625,-3.92681884765625,-4.39556884765625,-4.67681884765625,-4.67681884765625,-4.72369384765625,-4.62994384765625,-4.61431884765625,-5.11431884765625,-5.11431884765625,-5.84869384765625,-6.62994384765625,-7.69244384765625,-7.69244384765625,-8.16119384765625
16.07318115234375,16.07318115234375,14.82318115234375,13.62005615234375,14.74505615234375,15.69818115234375,15.69818115234375,15.49505615234375,12.68255615234375,10.52630615234375,7.94818115234375,7.94818115234375,7.05755615234375,6.46380615234375,5.57318115234375,5.57318115234375,5.04193115234375,4.57318115234375,4.49505615234375,4.24505615234375,4.24505615234375,3.87005615234375,3.29193115234375,2.05755615234375,2.05755615234375,0.93255615234375,-0.87994384765625,-2.73931884765625,-3.48931884765625,-3.48931884765625,-3.92681884765625,-4.39556884765625,-4.67681884765625,-4.72369384765625,-4.72369384765625,-4.62994384765625,-4.61431884765625,-5.11431884765625,-5.11431884765625,-5.84869384765625,-6.62994384765625,-7.69244384765625,-8.16119384765625,-8.16119384765625
16.07318115234375,16.07318115234375,14.82318115234375,13.62005615234375,14.74505615234375,15.69818115234375,15.69818115234375,15.49505615234375,12.68255615234375,10.52630615234375,7.94818115234375,7.94818115234375,7.05755615234375,6.46380615234375,5.57318115234375,5.04193115234375,5.04193115234375,4.57318115234375,4.49505615234375,4.24505615234375,4.24505615234375,3.87005615234375,3.29193115234375,2.05755615234375,0.93255615234375,0.93255615234375,-0.87994384765625,-2.73931884765625,-3.48931884765625,-3.92681884765625,-3.92681884765625,-4.39556884765625,-4.67681884765625,-4.72369384765625,-4.72369384765625,-4.62994384765625,-4.61431884765625,-5.11431884765625,-5.84869384765625,-5.84869384765625,-6.62994384765625,-7.69244384765625,-8.16119384765625,-8.95806884765625
16.07318115234375,16.07318115234375,14.82318115234375,13.62005615234375,14.74505615234375,15.69818115234375,15.69818115234375,15.49505615234375,12.68255615234375,10.52630615234375,7.94818115234375,7.94818115234375,7.05755615234375,6.46380615234375,5.57318115234375,5.04193115234375,5.04193115234375,4.57318115234375,4.49505615234375,4.24505615234375,3.87005615234375,3.87005615234375,3.29193115234375,2.05755615234375,0.93255615234375,0.93255615234375,-0.87994384765625,-2.73931884765625,-3.48931884765625,-3.92681884765625,-3.92681884765625,-4.39556884765625,-4.67681884765625,-4.72369384765625,-4.62994384765625,-4.62994384765625,-4.61431884765625,-5.11431884765625,-5.84869384765625,-6.62994384765625,-6.62994384765625,-7.69244384765625,-8.16119384765625,-8.95806884765625
16.07318115234375,16.07318115234375,14.82318115234375,13.62005615234375,14.74505615234375,15.69818115234375,15.69818115234375,15.49505615234375,12.68255615234375,10.52630615234375,7.94818115234375,7.94818115234375,7.05755615234375,6.46380615234375,5.57318115234375,5.04193115234375,5.04193115234375,4.57318115234375,4.49505615234375,4.24505615234375,3.87005615234375,3.87005615234375,3.29193115234375,2.05755615234375,0.93255615234375,-0.87994384765625,-0.87994384765625,-2.73931884765625,-3.48931884765625,-3.92681884765625,-4.39556884765625,-4.39556884765625,-4.67681884765625,-4.72369384765625,-4.62994384765625,-4.61431884765625,-4.61431884765625,-5.11431884765625,-5.84869384765625,-6.62994384765625,-7.69244384765625,-7.69244384765625,-8.16119384765625,-8.95806884765625
16.07318115234375,16.07318115234375,14.82318115234375,13.62005615234375,14.74505615234375,15.69818115234375,15.69818115234375,15.49505615234375,12.68255615234375,10.52630615234375,7.94818115234375,7.94818115234375,7.05755615234375,6.46380615234375,5.57318115234375,5.04193115234375,5.04193115234375,4.57318115234375,4.49505615234375,4.24505615234375,3.87005615234375,3.29193115234375,3.29193115234375,2.05755615234375,0.93255615234375,-0.87994384765625,-2.73931884765625,-2.73931884765625,-3.48931884765625,-3.92681884765625,-4.39556884765625,-4.67681884765625,-4.67681884765625,-4.72369384765625,-4.62994384765625,-4.61431884765625,-5.11431884765625,-5.11431884765625,-5.84869384765625,-6.62994384765625,-7.69244384765625,-8.16119384765625,-8.16119384765625,-8.95806884765625
16.07318115234375,16.07318115234375,14.82318115234375,13.62005615234375,14.74505615234375,15.69818115234375,15.69818115234375,15.49505615234375,12.68255615234375,10.52630615234375,7.94818115234375,7.05755615234375,7.05755615234375,6.46380615234375,5.57318115234375,5.04193115234375,4.57318115234375,4.57318115234375,4.49505615234375,4.24505615234375,3.87005615234375,3.29193115234375,3.29193115234375,2.05755615234375,0.93255615234375,-0.87994384765625,-2.73931884765625,-2.73931884765625,-3.48931884765625,-3.92681884765625,-4.39556884765625,-4.67681884765625,-4.67681884765625,-4.72369384765625,-4.62994384765625,-4.61431884765625,-5.11431884765625,-5.84869384765625,-5.84869384765625,-6.62994384765625,-7.69244384765625,-8.16119384765625,-8.95806884765625,-8.95806884765625
16.07318115234375,16.07318115234375,14.82318115234375,13.62005615234375,14.74505615234375,15.69818115234375,15.49505615234375,15.49505615234375,12.68255615234375,10.52630615234375,7.94818115234375,7.05755615234375,7.05755615234375,6.46380615234375,5.57318115234375,5.04193115234375,4.57318115234375,4.57318115234375,4.49505615234375,4.24505615234375,3.87005615234375,3.29193115234375,2.05755615234375,2.05755615234375,0.93255615234375,-0.87994384765625,-2.73931884765625,-3.48931884765625,-3.48931884765625,-3.92681884765625,-4.39556884765625,-4.67681884765625,-4.72369384765625,-4.72369384765625,-4.62994384765625,-4.61431884765625,-5.11431884765625,-5.84869384765625,-6.62994384765625,-6.62994384765625,-7.69244384765625,-8.16119384765625,-8.95806884765625,-8.75494384765625
16.07318115234375,16.07318115234375,14.82318115234375,13.62005615234375,14.74505615234375,15.69818115234375,15.49505615234375,15.49505615234375,12.68255615234375,10.52630615234375,7.94818115234375,7.05755615234375,7.05755615234375,6.46380615234375,5.57318115234375,5.04193115234375,4.57318115234375,4.49505615234375,4.49505615234375,4.24505615234375,3.87005615234375,3.29193115234375,2.05755615234375,2.05755615234375,0.93255615234375,-0.87994384765625,-2.73931884765625,-3.48931884765625,-3.92681884765625,-3.92681884765625,-4.39556884765625,-4.67681884765625,-4.72369384765625,-4.62994384765625,-4.62994384765625,-4.61431884765625,-5.11431884765625,-5.84869384765625,-6.62994384765625,-7.69244384765625,-7.69244384765625,-8.16119384765625,-8.95806884765625,-8.75494384765625
16.07318115234375,16.07318115234375,14.82318115234375,13.62005615234375,14.74505615234375,15.69818115234375,15.49505615234375,15.49505615234375,12.68255615234375,10.52630615234375,7.94818115234375,7.05755615234375,7.05755615234375,6.46380615234375,5.57318115234375,5.04193115234375,4.57318115234375,4.49505615234375,4.49505615234375,4.24505615234375,3.87005615234375,3.29193115234375,2.05755615234375,0.93255615234375,0.93255615234375,-0.87994384765625,-2.73931884765625,-3.48931884765625,-3.92681884765625,-3.92681884765625,-4.39556884765625,-4.67681884765625,-4.72369384765625,-4.62994384765625,-4.61431884765625,-4.61431884765625,-5.11431884765625,-5.84869384765625,-6.62994384765625,-7.69244384765625,-8.16119384765625,-8.16119384765625,-8.95806884765625,-8.75494384765625
16.07318115234375,16.07318115234375,14.82318115234375,13.62005615234375,14.74505615234375,15.69818115234375,15.49505615234375,15.49505615234375,12.68255615234375,10.52630615234375,7.94818115234375,7.05755615234375,6.46380615234375,6.46380615234375,5.57318115234375,5.04193115234375,4.57318115234375,4.49505615234375,4.49505615234375,4.24505615234375,3.87005615234375,3.29193115234375,2.05755615234375,0.93255615234375,0.93255615234375,-0.87994384765625,-2.73931884765625,-3.48931884765625,-3.92681884765625,-4.39556884765625,-4.39556884765625,-4.67681884765625,-4.72369384765625,-4.62994384765625,-4.61431884765625,-5.11431884765625,-5.11431884765625,-5.84869384765625,-6.62994384765625,-7.69244384765625,-8.16119384765625,-8.95806884765625,-8.95806884765625,-8.75494384765625
16.07318115234375,16.07318115234375,14.82318115234375,13.62005615234375,14.74505615234375,15.69818115234375,15.49505615234375,15.49505615234375,12.68255615234375,10.52630615234375,7.94818115234375,7.05755615234375,6.46380615234375,6.46380615234375,5.57318115234375,5.04193115234375,4.57318115234375,4.49505615234375,4.24505615234375,4.24505615234375,3.87005615234375,3.29193115234375,2.05755615234375,0.93255615234375,-0.87994384765625,-0.87994384765625,-2.73931884765625,-3.48931884765625,-3.92681884765625,-4.39556884765625,-4.67681884765625,-4.67681884765625,-4.72369384765625,-4.62994384765625,-4.61431884765625,-5.11431884765625,-5.84869384765625,-5.84869384765625,-6.62994384765625,-7.69244384765625,-8.16119384765625,-8.95806884765625,-8.75494384765625,-8.75494384765625
16.07318115234375,16.07318115234375,14.82318115234375,13.62005615234375,14.74505615234375,15.69818115234375,15.49505615234375,15.49505615234375,12.68255615234375,10.52630615234375,7.94818115234375,7.05755615234375,6.46380615234375,6.46380615234375,5.57318115234375,5.04193115234375,4.57318115234375,4.49505615234375,4.24505615234375,3.87005615234375,3.87005615234375,3.29193115234375,2.05755615234375,0.93255615234375,-0.87994384765625,-2.73931884765625,-2.73931884765625,-3.48931884765625,-3.92681884765625,-4.39556884765625,-4.67681884765625,-4.72369384765625,-4.72369384765625,-4.62994384765625,-4.61431884765625,-5.11431884765625,-5.84869384765625,-6.62994384765625,-6.62994384765625,-7.69244384765625,-8.16119384765625,-8.95806884765625,-8.75494384765625,-8.36431884765625
16.07318115234375,16.07318115234375,14.82318115234375,13.62005615234375,14.74505615234375,15.69818115234375,15.49505615234375,15.49505615234375,12.68255615234375,10.52630615234375,7.94818115234375,7.05755615234375,6.46380615234375,5.57318115234375,5.57318115234375,5.04193115234375,4.57318115234375,4.49505615234375,4.24505615234375,3.87005615234375,3.87005615234375,3.29193115234375,2.05755615234375,0.93255615234375,-0.87994384765625,-2.73931884765625,-3.48931884765625,-3.48931884765625,-3.92681884765625,-4.39556884765625,-4.67681884765625,-4.72369384765625,-4.62994384765625,-4.62994384765625,-4.61431884765625,-5.11431884765625,-5.84869384765625,-6.62994384765625,-7.69244384765625,-7.69244384765625,-8.16119384765625,-8.95806884765625,-8.75494384765625,-8.36431884765625
