lessons/derecho-2022/jet/velocity/narr_jet_500mb_20220512_0600z_NA_leaflet_velocity.json
{"header": {"parameterCategory": 2, "parameterNumber": 2, "parameterNumberName": "u-wind 500mb", "parameterUnit": "m/s", "nx": 141, "ny": 81, "lo1": -130.0, "la1": 60.0, "dx": 0.5, "dy": 0.5, "refTime": "2022-05-12T06:00:00", "gridUnits": "degrees"}, "data":
[rows 19 to 37 of 81, columns 44 to 87 of 141]
15.573180198669434,15.867594718933105,16.422725677490234,16.808420181274414,17.132938385009766,17.714780807495117,18.203453063964844,18.300039291381836,18.735187530517578,19.464948654174805,20.505279541015625,21.089380264282227,21.333858489990234,21.41330909729004,22.007408142089844,22.292186737060547,22.171531677246094,21.399017333984375,20.396347045898438,19.77267074584961,19.1037540435791,18.209266662597656,17.535358428955078,17.110294342041016,16.619672775268555,15.85162353515625,15.057209014892578,14.474580764770508,13.994400978088379,13.75195598602295,13.640003204345703,13.73900318145752,13.939776420593262,14.206283569335938,15.597285270690918,16.344585418701172,17.09990119934082,17.747875213623047,18.6893310546875,19.657419204711914,20.000764846801758,20.485307693481445,21.000545501708984,22.006254196166992
15.874862670898438,16.494415283203125,17.355430603027344,18.034393310546875,18.52252960205078,19.006092071533203,19.87991714477539,20.3132381439209,20.629823684692383,21.064254760742188,21.862838745117188,22.66558265686035,22.939109802246094,22.969913482666016,22.901512145996094,22.69571304321289,22.737638473510742,22.025007247924805,21.17193603515625,20.825794219970703,20.35356330871582,19.767316818237305,18.7907772064209,17.737220764160156,16.4455623626709,15.300183296203613,12.92239761352539,12.004650115966797,12.023550987243652,11.384611129760742,11.03082275390625,11.115424156188965,12.408453941345215,13.012368202209473,13.946124076843262,15.315771102905273,16.28888511657715,16.713171005249023,17.41588592529297,18.22722053527832,18.932872772216797,18.804948806762695,19.044374465942383,19.536590576171875
16.407005310058594,17.302701950073242,18.44913673400879,19.252256393432617,19.704784393310547,20.136138916015625,20.617218017578125,21.581830978393555,21.85200309753418,22.150508880615234,22.528549194335938,22.926687240600586,23.136722564697266,23.07509422302246,22.89300537109375,22.286407470703125,21.677780151367188,21.407133102416992,21.002891540527344,20.80657958984375,20.26239776611328,19.478092193603516,18.439599990844727,17.302175521850586,14.198467254638672,12.696427345275879,11.311135292053223,8.780902862548828,9.161845207214355,9.632307052612305,10.269189834594727,10.394256591796875,10.929045677185059,11.868800163269043,12.697402954101562,13.326751708984375,14.869406700134277,15.199872016906738,15.3412504196167,15.787214279174805,16.717180252075195,17.502113342285156,17.53072738647461,17.71172523498535
17.390823364257812,19.0385799407959,19.590023040771484,20.153728485107422,20.452241897583008,20.70659828186035,20.59650230407715,20.96764373779297,21.33399200439453,21.64818000793457,21.91485023498535,22.3228759765625,22.83572006225586,22.753257751464844,22.521379470825195,21.881685256958008,21.20145606994629,20.43146514892578,20.153776168823242,20.014575958251953,19.472991943359375,18.651941299438477,17.557085037231445,16.141054153442383,13.425399780273438,10.139411926269531,9.634324073791504,9.457093238830566,10.084988594055176,10.011555671691895,9.864895820617676,9.627483367919922,9.86856746673584,10.592641830444336,11.314220428466797,11.512277603149414,12.012395858764648,13.233465194702148,13.61454963684082,13.91196060180664,14.299951553344727,15.384251594543457,16.20445442199707,16.618322372436523
18.528911590576172,18.633668899536133,18.585590362548828,18.651081085205078,18.775495529174805,18.866809844970703,17.941648483276367,17.3931884765625,19.037723541259766,20.184864044189453,20.938711166381836,21.491613388061523,22.060033798217773,21.9439640045166,21.739770889282227,21.590757369995117,21.06220245361328,20.51331329345703,19.650466918945312,19.230878829956055,19.00872039794922,18.112154006958008,17.102140426635742,16.104209899902344,14.615828514099121,13.619133949279785,13.415081977844238,12.332663536071777,11.502203941345215,10.249667167663574,9.624419212341309,8.730552673339844,8.22067642211914,8.77916145324707,9.493271827697754,9.789800643920898,9.57596492767334,9.795110702514648,11.773372650146484,12.274301528930664,12.829447746276855,13.149957656860352,13.953070640563965,14.545880317687988
16.745912551879883,16.229570388793945,14.84510326385498,12.409990310668945,13.05044174194336,14.02251148223877,14.898604393005371,15.346807479858398,16.617965698242188,18.315410614013672,20.078697204589844,20.694316864013672,21.268075942993164,21.611398696899414,21.470672607421875,21.308725357055664,21.00782585144043,20.55885887145996,19.69584083557129,18.833106994628906,18.640827178955078,18.36187171936035,17.661216735839844,17.238468170166016,17.26726531982422,16.369781494140625,15.595354080200195,13.308760643005371,11.789074897766113,9.95061206817627,8.757195472717285,7.697260856628418,6.58808708190918,5.514035224914551,5.616690158843994,6.074631214141846,7.172562599182129,7.449880599975586,8.98876667022705,11.14540958404541,11.810342788696289,12.357915878295898,12.939935684204102,13.496252059936523
9.922347068786621,9.378832817077637,9.600934982299805,10.147456169128418,10.3392915725708,11.531539916992188,14.235496520996094,15.386604309082031,15.947957038879395,16.82933235168457,18.015722274780273,19.564027786254883,20.31807518005371,20.951875686645508,21.329042434692383,21.428003311157227,21.28400421142578,20.8256778717041,20.135526657104492,18.999956130981445,18.684650421142578,18.39943504333496,17.868131637573242,17.307861328125,16.893901824951172,15.982852935791016,15.24482536315918,14.150928497314453,11.853307723999023,9.684992790222168,7.981051445007324,6.578685760498047,5.08990478515625,4.072728157043457,4.287245750427246,4.306687831878662,4.581593990325928,5.685874938964844,6.981753349304199,9.065495491027832,11.396358489990234,12.47462272644043,13.127884864807129,13.63034439086914
5.429074287414551,5.296065330505371,6.818342208862305,9.057917594909668,10.811216354370117,12.198716163635254,12.54658317565918,14.63256549835205,15.24750804901123,15.384522438049316,15.843830108642578,17.0443058013916,18.67913246154785,20.17009735107422,20.920730590820312,21.40176010131836,21.62554168701172,21.48638343811035,21.21156883239746,20.693178176879883,19.595491409301758,19.195056915283203,19.038818359375,18.426786422729492,17.675399780273438,16.248762130737305,15.313410758972168,14.418805122375488,13.657846450805664,10.949758529663086,8.886836051940918,7.226381778717041,6.761075496673584,7.007654666900635,8.105164527893066,7.066129684448242,5.938526153564453,4.428102493286133,5.404784679412842,7.106260776519775,9.447084426879883,11.780008316040039,12.89244270324707,13.800383567810059
3.8785738945007324,4.492419719696045,6.313442230224609,8.984922409057617,10.571332931518555,12.460107803344727,12.459772109985352,12.643176078796387,13.126822471618652,13.98935317993164,13.846163749694824,15.051570892333984,16.334218978881836,18.550708770751953,20.346820831298828,21.173187255859375,21.6657657623291,22.044361114501953,22.119537353515625,22.06473159790039,21.91576385498047,20.911348342895508,20.385774612426758,19.930553436279297,19.46872901916504,18.464317321777344,17.278358459472656,16.362960815429688,16.042423248291016,15.634317398071289,13.799945831298828,12.798317909240723,12.491412162780762,11.125382423400879,12.418352127075195,11.69223403930664,10.424394607543945,6.79000186920166,5.769383430480957,6.914261817932129,8.39415168762207,10.604296684265137,11.902276039123535,12.9391450881958
4.087797164916992,5.828650951385498,6.732573509216309,8.519571304321289,9.577866554260254,10.683074951171875,11.049673080444336,11.06739616394043,11.068318367004395,11.692776679992676,12.723690032958984,14.178521156311035,15.499034881591797,17.07678985595703,18.782243728637695,20.618297576904297,21.162996292114258,21.69904899597168,22.292097091674805,22.465877532958984,22.564701080322266,22.71260643005371,21.988704681396484,21.54513168334961,21.145780563354492,21.07109260559082,20.666336059570312,20.071640014648438,19.72775650024414,19.463590621948242,19.080299377441406,17.315444946289062,17.046445846557617,16.692096710205078,14.805387496948242,14.067660331726074,12.561210632324219,9.782228469848633,8.341572761535645,8.390722274780273,8.83521556854248,9.609342575073242,10.758075714111328,11.605218887329102
4.343104362487793,5.6099772453308105,6.606231689453125,6.955753326416016,7.596220970153809,8.195844650268555,9.211901664733887,9.96834945678711,10.21906566619873,10.844514846801758,11.691096305847168,13.699390411376953,15.307129859924316,16.511672973632812,17.670787811279297,18.98587989807129,20.333389282226562,20.992910385131836,21.545345306396484,22.29107666015625,22.619346618652344,22.882984161376953,23.036561965942383,22.81790542602539,22.665851593017578,22.469297409057617,22.448802947998047,22.326465606689453,22.26959991455078,22.177627563476562,22.15511703491211,21.006267547607422,19.52863121032715,19.378093719482422,17.940317153930664,14.408324241638184,13.290396690368652,11.775168418884277,11.014986038208008,9.822391510009766,9.86693286895752,9.949385643005371,10.240447044372559,10.561805725097656
2.61641788482666,4.0196146965026855,5.1365556716918945,5.774295330047607,6.67110538482666,7.595670700073242,8.213584899902344,8.758919715881348,9.208878517150879,9.716352462768555,10.372625350952148,11.348505020141602,13.500061988830566,15.84399700164795,17.34172821044922,18.477867126464844,19.379575729370117,20.391637802124023,20.989349365234375,21.353933334350586,22.06783103942871,22.468765258789062,22.69329261779785,22.869470596313477,22.970243453979492,22.964704513549805,22.74552345275879,22.75318717956543,22.875072479248047,22.929859161376953,23.02312469482422,22.338600158691406,21.02314567565918,19.674057006835938,18.62496566772461,16.605342864990234,13.837876319885254,12.674792289733887,12.059404373168945,11.09118938446045,10.022348403930664,9.764845848083496,9.629945755004883,9.650402069091797
0.6544345021247864,2.905508041381836,4.4700608253479,4.874258518218994,5.834404945373535,6.828332901000977,7.6103105545043945,7.852097988128662,7.80406379699707,7.954009532928467,8.699352264404297,10.493020057678223,12.120598793029785,14.478717803955078,16.807031631469727,18.043010711669922,18.840469360351562,19.290699005126953,20.131750106811523,20.541650772094727,20.877490997314453,21.411163330078125,21.70100212097168,21.798913955688477,21.765649795532227,21.899532318115234,22.04042625427246,22.002857208251953,22.004497528076172,21.802547454833984,22.182493209838867,21.830760955810547,20.447412490844727,18.81029510498047,17.64446258544922,16.607255935668945,14.693013191223145,12.74277114868164,11.748176574707031,10.812790870666504,9.963101387023926,9.218896865844727,8.924162864685059,8.674650192260742
1.745902180671692,3.1890578269958496,4.045864582061768,4.837282657623291,5.522571563720703,6.430546283721924,7.326102256774902,7.165593147277832,6.629484176635742,6.585015773773193,7.356845855712891,9.361845970153809,11.271326065063477,13.244146347045898,15.08897876739502,17.272693634033203,18.20233726501465,18.62210464477539,18.88033676147461,19.319787979125977,19.648271560668945,19.953536987304688,20.51706886291504,20.771146774291992,20.69642448425293,20.11050033569336,20.1070556640625,20.272138595581055,20.374738693237305,19.78074073791504,19.840803146362305,20.14358139038086,19.64220428466797,18.134626388549805,16.574268341064453,14.580220222473145,13.68687915802002,12.169187545776367,10.895261764526367,9.938276290893555,8.552265167236328,7.8150787353515625,7.668868541717529,7.438865661621094
2.5342864990234375,3.28222393989563,4.089951992034912,5.103119850158691,6.5555524826049805,7.290622711181641,7.625685691833496,7.304286956787109,6.376438140869141,6.673053741455078,6.823423862457275,8.398746490478516,10.275337219238281,12.098562240600586,13.587448120117188,15.054643630981445,17.062435150146484,17.906856536865234,18.261371612548828,18.69756317138672,18.858383178710938,18.93678092956543,18.65992546081543,19.029159545898438,19.169633865356445,18.86853790283203,18.225200653076172,18.17635154724121,17.986774444580078,18.006357192993164,17.925193786621094,17.480045318603516,16.630338668823242,16.241493225097656,14.847164154052734,13.001567840576172,11.213587760925293,9.821409225463867,8.561477661132812,7.671985626220703,7.132899761199951,6.3662872314453125,6.087310314178467,5.569303512573242
4.354751110076904,3.028871774673462,4.693939208984375,5.6768903732299805,6.801733016967773,8.049524307250977,8.193061828613281,7.820376873016357,6.799435138702393,6.963877201080322,7.269372463226318,7.838460922241211,8.928862571716309,10.776519775390625,12.108055114746094,13.306509971618652,14.378678321838379,15.988306045532227,16.48712921142578,16.189958572387695,16.984708786010742,17.410606384277344,17.57133674621582,17.514400482177734,17.588979721069336,17.133867263793945,16.849517822265625,16.628305435180664,16.135868072509766,15.712864875793457,15.572914123535156,15.478987693786621,14.751513481140137,14.106179237365723,13.207613945007324,11.458606719970703,9.679791450500488,8.336209297180176,7.1726884841918945,5.790565013885498,5.081753253936768,4.879296779632568,4.607136249542236,3.6037778854370117
8.350043296813965,4.601934432983398,5.472626209259033,6.16942834854126,7.091690540313721,7.876193046569824,7.976325035095215,7.645462989807129,7.033565044403076,6.938497543334961,7.0612359046936035,7.296692371368408,7.788333892822266,8.62839412689209,10.468331336975098,11.818875312805176,12.866876602172852,13.404215812683105,14.129117965698242,14.24977970123291,14.72216796875,15.47971248626709,15.95324993133545,16.01982879638672,16.038759231567383,15.48440170288086,15.10239028930664,14.728935241699219,14.452376365661621,14.20169448852539,14.020490646362305,13.783958435058594,13.18663501739502,12.52352237701416,11.626450538635254,10.53148365020752,7.250431060791016,5.908545017242432,5.130468845367432,4.535200595855713,3.3770618438720703,2.962174654006958,2.590853214263916,2.1096372604370117
10.338122367858887,5.233067512512207,6.4586992263793945,6.81436014175415,7.531678199768066,8.04644775390625,7.941647529602051,7.14388370513916,6.656466007232666,6.280550956726074,6.246531009674072,6.433587551116943,7.031774997711182,7.65691614151001,8.421723365783691,9.829022407531738,10.869585990905762,11.434858322143555,11.764603614807129,12.183368682861328,12.737119674682617,13.26336669921875,13.986275672912598,14.261289596557617,13.916040420532227,13.780377388000488,13.682628631591797,13.377331733703613,12.937114715576172,12.239924430847168,12.11515998840332,12.10135269165039,11.725645065307617,10.47120475769043,9.064059257507324,7.900014400482178,6.254558086395264,4.552218437194824,3.590508222579956,2.9011130332946777,2.419802665710449,1.9091562032699585,0.7741618156433105,0.2447618544101715
4.86773681640625,6.701166152954102,8.149581909179688,9.21012020111084,10.059915542602539,10.350079536437988,9.999584197998047,8.27129077911377,6.500908851623535,6.110571384429932,6.1339263916015625,6.366866588592529,6.745975017547607,7.233781337738037,7.766165733337402,8.16757869720459,8.825166702270508,9.151396751403809,9.424600601196289,10.130213737487793,10.88443374633789,11.283581733703613,11.741582870483398,12.541709899902344,12.159308433532715,11.319075584411621,10.936079978942871,10.793869018554688,10.57418155670166,10.453073501586914,10.284581184387207,10.27436637878418,9.733160972595215,9.190787315368652,7.727161884307861,5.818488597869873,4.454030990600586,3.6934990882873535,2.7335803508758545,1.6793299913406372,1.1177395582199097,0.5373887419700623,-0.34991973638534546,-1.210474967956543
