lessons/derecho-2022/jet/velocity/narr_jet_500mb_20220512_0600z_NA_leaflet_velocity.json
{"header": {"parameterCategory": 2, "parameterNumber": 3, "parameterNumberName": "v-wind 500mb", "parameterUnit": "m/s", "nx": 141, "ny": 81, "lo1": -130.0, "la1": 60.0, "dx": 0.5, "dy": 0.5, "refTime": "2022-05-12T06:00:00", "gridUnits": "degrees"}, "data":
[rows 38 to 56 of 81, columns 86 to 128 of 141]
-0.7278560400009155,-2.2256805896759033,-2.80279278755188,-3.2029244899749756,-3.683281898498535,-3.724675178527832,-4.411424160003662,-6.685161113739014,-9.251791954040527,-10.026482582092285,-10.83761978149414,-11.52907657623291,-11.460481643676758,-11.305472373962402,-11.06696605682373,-11.21530818939209,-11.158113479614258,-14.31833267211914,-11.963180541992188,-11.963180541992188,-11.963180541992188,-11.697555541992188,-11.697555541992188,-10.681930541992188,-10.681930541992188,-10.681930541992188,-9.713180541992188,-9.713180541992188,-9.635055541992188,-9.635055541992188,-10.525680541992188,-10.525680541992188,-12.963180541992188,-12.963180541992188,-12.963180541992188,-10.463180541992188,-10.463180541992188,-10.072555541992188,-10.072555541992188,-9.916305541992188,-9.916305541992188,-10.181930541992188,-10.181930541992188
-1.6102451086044312,-3.982048749923706,-4.783542633056641,-5.022889614105225,-5.12158203125,-5.245927810668945,-5.7232537269592285,-7.987428188323975,-9.641079902648926,-10.733258247375488,-10.889763832092285,-11.230096817016602,-11.055106163024902,-10.590631484985352,-10.569268226623535,-10.94054889678955,-13.080029487609863,-10.994430541992188,-11.463180541992188,-11.463180541992188,-11.963180541992188,-11.963180541992188,-11.963180541992188,-11.697555541992188,-11.697555541992188,-10.681930541992188,-10.681930541992188,-9.713180541992188,-9.713180541992188,-9.713180541992188,-9.635055541992188,-9.635055541992188,-10.525680541992188,-10.525680541992188,-12.963180541992188,-12.963180541992188,-10.463180541992188,-10.463180541992188,-10.072555541992188,-10.072555541992188,-9.916305541992188,-9.916305541992188,-10.181930541992188
-3.504185914993286,-4.590941905975342,-5.967947006225586,-7.101095676422119,-7.0118913650512695,-6.731185436248779,-7.414725303649902,-9.054425239562988,-10.04234790802002,-10.481908798217773,-10.370417594909668,-10.11544132232666,-10.079362869262695,-9.985733032226562,-10.132881164550781,-10.404169082641602,-15.30434513092041,-10.994430541992188,-10.994430541992188,-11.463180541992188,-11.463180541992188,-11.463180541992188,-11.963180541992188,-11.963180541992188,-11.697555541992188,-11.697555541992188,-11.697555541992188,-10.681930541992188,-10.681930541992188,-9.713180541992188,-9.713180541992188,-9.635055541992188,-9.635055541992188,-9.635055541992188,-10.525680541992188,-10.525680541992188,-12.963180541992188,-12.963180541992188,-10.463180541992188,-10.463180541992188,-10.072555541992188,-10.072555541992188,-9.916305541992188
-5.073086738586426,-6.465225696563721,-7.606705665588379,-8.430318832397461,-9.015089988708496,-8.76922607421875,-8.909067153930664,-9.710384368896484,-10.526876449584961,-10.3309965133667,-9.951231956481934,-9.616692543029785,-9.645031929016113,-9.747284889221191,-10.08132553100586,-13.881604194641113,-10.853805541992188,-10.853805541992188,-10.853805541992188,-10.994430541992188,-10.994430541992188,-11.463180541992188,-11.463180541992188,-11.463180541992188,-11.963180541992188,-11.963180541992188,-11.697555541992188,-11.697555541992188,-11.697555541992188,-10.681930541992188,-10.681930541992188,-9.713180541992188,-9.713180541992188,-9.635055541992188,-9.635055541992188,-10.525680541992188,-10.525680541992188,-10.525680541992188,-12.963180541992188,-12.963180541992188,-10.463180541992188,-10.463180541992188,-10.072555541992188
-6.0478949546813965,-7.169113636016846,-8.792158126831055,-9.673619270324707,-10.00163459777832,-10.01905345916748,-10.07064151763916,-10.647871017456055,-10.843575477600098,-10.280584335327148,-9.946907043457031,-9.67655086517334,-9.777987480163574,-10.203428268432617,-11.210143089294434,-16.180635452270508,-10.181930541992188,-10.181930541992188,-10.853805541992188,-10.853805541992188,-10.853805541992188,-10.994430541992188,-10.994430541992188,-11.463180541992188,-11.463180541992188,-11.463180541992188,-11.963180541992188,-11.963180541992188,-11.697555541992188,-11.697555541992188,-11.697555541992188,-10.681930541992188,-10.681930541992188,-9.713180541992188,-9.713180541992188,-9.635055541992188,-9.635055541992188,-10.525680541992188,-10.525680541992188,-12.963180541992188,-12.963180541992188,-10.463180541992188,-10.463180541992188
-7.064791202545166,-8.324566841125488,-9.297432899475098,-10.44117259979248,-11.182150840759277,-11.194901466369629,-11.1515474319458,-11.596936225891113,-11.567112922668457,-11.085075378417969,-10.301848411560059,-10.23970890045166,-10.470519065856934,-11.035489082336426,-14.201766967773438,-11.041305541992188,-11.041305541992188,-11.041305541992188,-10.181930541992188,-10.181930541992188,-10.853805541992188,-10.853805541992188,-10.853805541992188,-10.994430541992188,-10.994430541992188,-11.463180541992188,-11.463180541992188,-11.463180541992188,-11.963180541992188,-11.963180541992188,-11.697555541992188,-11.697555541992188,-10.681930541992188,-10.681930541992188,-10.681930541992188,-9.713180541992188,-9.713180541992188,-9.635055541992188,-9.635055541992188,-10.525680541992188,-10.525680541992188,-12.963180541992188,-12.963180541992188
-8.067147254943848,-9.554023742675781,-10.45590877532959,-11.188307762145996,-11.764703750610352,-11.909067153930664,-12.250197410583496,-12.35594654083252,-12.155001640319824,-12.031285285949707,-11.369657516479492,-11.194583892822266,-11.5077486038208,-12.300554275512695,-16.888134002685547,-11.431930541992188,-11.431930541992188,-11.041305541992188,-11.041305541992188,-11.041305541992188,-10.181930541992188,-10.181930541992188,-10.853805541992188,-10.853805541992188,-10.853805541992188,-10.994430541992188,-10.994430541992188,-11.463180541992188,-11.463180541992188,-11.463180541992188,-11.963180541992188,-11.963180541992188,-11.697555541992188,-11.697555541992188,-10.681930541992188,-10.681930541992188,-9.713180541992188,-9.713180541992188,-9.635055541992188,-9.635055541992188,-9.635055541992188,-10.525680541992188,-10.525680541992188
-9.448933601379395,-10.39028263092041,-11.137149810791016,-12.139217376708984,-12.475170135498047,-12.54656982421875,-12.931405067443848,-13.138473510742188,-12.995059967041016,-12.833806991577148,-12.791715621948242,-12.69819164276123,-12.689911842346191,-14.445502281188965,-12.510055541992188,-12.510055541992188,-11.431930541992188,-11.431930541992188,-11.431930541992188,-11.041305541992188,-11.041305541992188,-11.041305541992188,-10.181930541992188,-10.181930541992188,-10.853805541992188,-10.853805541992188,-10.853805541992188,-10.994430541992188,-10.994430541992188,-11.463180541992188,-11.463180541992188,-11.963180541992188,-11.963180541992188,-11.963180541992188,-11.697555541992188,-11.697555541992188,-10.681930541992188,-10.681930541992188,-9.713180541992188,-9.713180541992188,-9.635055541992188,-9.635055541992188,-10.525680541992188
-10.673423767089844,-11.748518943786621,-12.37674331665039,-12.955652236938477,-13.20203971862793,-13.360119819641113,-13.564499855041504,-13.7963285446167,-13.772172927856445,-13.652045249938965,-13.694415092468262,-13.594883918762207,-13.579217910766602,-17.595632553100586,-13.197555541992188,-13.197555541992188,-12.510055541992188,-12.510055541992188,-11.431930541992188,-11.431930541992188,-11.431930541992188,-11.041305541992188,-11.041305541992188,-11.041305541992188,-10.181930541992188,-10.181930541992188,-10.853805541992188,-10.853805541992188,-10.853805541992188,-10.994430541992188,-10.994430541992188,-11.463180541992188,-11.463180541992188,-11.963180541992188,-11.963180541992188,-11.963180541992188,-11.697555541992188,-11.697555541992188,-10.681930541992188,-10.681930541992188,-9.713180541992188,-9.713180541992188,-9.635055541992188
-11.521589279174805,-12.343399047851562,-13.196420669555664,-13.745063781738281,-13.977591514587402,-14.004035949707031,-14.305388450622559,-14.743024826049805,-14.696022987365723,-14.489731788635254,-14.804993629455566,-14.442828178405762,-14.83830451965332,-13.838180541992188,-13.838180541992188,-13.197555541992188,-13.197555541992188,-13.197555541992188,-12.510055541992188,-12.510055541992188,-12.510055541992188,-11.431930541992188,-11.431930541992188,-11.041305541992188,-11.041305541992188,-11.041305541992188,-10.181930541992188,-10.181930541992188,-10.853805541992188,-10.853805541992188,-10.853805541992188,-10.994430541992188,-10.994430541992188,-11.463180541992188,-11.463180541992188,-11.963180541992188,-11.963180541992188,-11.697555541992188,-11.697555541992188,-11.697555541992188,-10.681930541992188,-10.681930541992188,-9.713180541992188
-12.593992233276367,-13.648077011108398,-14.104471206665039,-14.539307594299316,-15.096545219421387,-15.198199272155762,-15.24725341796875,-15.607820510864258,-15.696188926696777,-15.512045860290527,-15.246387481689453,-14.946205139160156,-18.285335540771484,-14.744430541992188,-14.744430541992188,-13.838180541992188,-13.838180541992188,-13.197555541992188,-13.197555541992188,-13.197555541992188,-12.510055541992188,-12.510055541992188,-12.510055541992188,-11.431930541992188,-11.431930541992188,-11.041305541992188,-11.041305541992188,-11.041305541992188,-10.181930541992188,-10.181930541992188,-10.853805541992188,-10.853805541992188,-10.853805541992188,-10.994430541992188,-10.994430541992188,-11.463180541992188,-11.463180541992188,-11.963180541992188,-11.963180541992188,-11.697555541992188,-11.697555541992188,-10.681930541992188,-10.681930541992188
-13.485188484191895,-14.55210018157959,-15.128969192504883,-15.534889221191406,-15.717616081237793,-15.958419799804688,-16.383743286132812,-16.31751251220703,-16.274982452392578,-16.122365951538086,-15.334359169006348,-15.517329216003418,-15.088180541992188,-15.088180541992188,-14.744430541992188,-14.744430541992188,-14.744430541992188,-13.838180541992188,-13.838180541992188,-13.197555541992188,-13.197555541992188,-13.197555541992188,-12.510055541992188,-12.510055541992188,-12.510055541992188,-11.431930541992188,-11.431930541992188,-11.041305541992188,-11.041305541992188,-11.041305541992188,-10.181930541992188,-10.181930541992188,-10.853805541992188,-10.853805541992188,-10.853805541992188,-10.994430541992188,-10.994430541992188,-11.463180541992188,-11.463180541992188,-11.963180541992188,-11.963180541992188,-11.697555541992188,-11.697555541992188
-14.515730857849121,-15.408555030822754,-15.856501579284668,-16.612106323242188,-16.664459228515625,-16.777036666870117,-17.228099822998047,-17.157825469970703,-16.8834171295166,-16.452341079711914,-15.430630683898926,-18.973052978515625,-15.072555541992188,-15.088180541992188,-15.088180541992188,-15.088180541992188,-14.744430541992188,-14.744430541992188,-14.744430541992188,-13.838180541992188,-13.838180541992188,-13.838180541992188,-13.197555541992188,-13.197555541992188,-12.510055541992188,-12.510055541992188,-12.510055541992188,-11.431930541992188,-11.431930541992188,-11.041305541992188,-11.041305541992188,-11.041305541992188,-10.181930541992188,-10.181930541992188,-10.853805541992188,-10.853805541992188,-10.853805541992188,-10.994430541992188,-10.994430541992188,-11.463180541992188,-11.463180541992188,-11.963180541992188,-11.963180541992188
-15.322254180908203,-16.34618377685547,-16.87659454345703,-17.16461753845215,-17.32875633239746,-17.550479888916016,-17.770692825317383,-17.629945755004883,-17.255279541015625,-16.604129791259766,-16.144289016723633,-15.338180541992188,-15.338180541992188,-15.072555541992188,-15.072555541992188,-15.072555541992188,-15.088180541992188,-15.088180541992188,-14.744430541992188,-14.744430541992188,-14.744430541992188,-13.838180541992188,-13.838180541992188,-13.838180541992188,-13.197555541992188,-13.197555541992188,-13.197555541992188,-12.510055541992188,-12.510055541992188,-11.431930541992188,-11.431930541992188,-11.431930541992188,-11.041305541992188,-11.041305541992188,-10.181930541992188,-10.181930541992188,-10.853805541992188,-10.853805541992188,-10.853805541992188,-10.994430541992188,-10.994430541992188,-11.463180541992188,-11.463180541992188
-15.957657814025879,-16.99297332763672,-17.38219451904297,-17.883325576782227,-18.091798782348633,-18.229358673095703,-18.438709259033203,-18.25670051574707,-17.61600112915039,-16.751842498779297,-19.6607723236084,-16.166305541992188,-15.338180541992188,-15.338180541992188,-15.338180541992188,-15.072555541992188,-15.072555541992188,-15.072555541992188,-15.088180541992188,-15.088180541992188,-15.088180541992188,-14.744430541992188,-14.744430541992188,-13.838180541992188,-13.838180541992188,-13.838180541992188,-13.197555541992188,-13.197555541992188,-13.197555541992188,-12.510055541992188,-12.510055541992188,-11.431930541992188,-11.431930541992188,-11.431930541992188,-11.041305541992188,-11.041305541992188,-10.181930541992188,-10.181930541992188,-10.853805541992188,-10.853805541992188,-10.853805541992188,-10.994430541992188,-10.994430541992188
-16.587081909179688,-17.630367279052734,-18.157848358154297,-18.466777801513672,-18.8909969329834,-19.12584686279297,-19.131576538085938,-19.006868362426758,-17.987749099731445,-16.992794036865234,-16.806930541992188,-16.806930541992188,-16.166305541992188,-16.166305541992188,-16.166305541992188,-15.338180541992188,-15.338180541992188,-15.072555541992188,-15.072555541992188,-15.072555541992188,-15.088180541992188,-15.088180541992188,-15.088180541992188,-14.744430541992188,-14.744430541992188,-14.744430541992188,-13.838180541992188,-13.838180541992188,-13.197555541992188,-13.197555541992188,-13.197555541992188,-12.510055541992188,-12.510055541992188,-11.431930541992188,-11.431930541992188,-11.431930541992188,-11.041305541992188,-11.041305541992188,-10.181930541992188,-10.181930541992188,-10.853805541992188,-10.853805541992188,-10.994430541992188
-17.388343811035156,-18.01175880432129,-18.615314483642578,-19.03221893310547,-19.487218856811523,-19.6584415435791,-19.773460388183594,-19.67438316345215,-18.807008743286133,-20.34848976135254,-17.588180541992188,-16.806930541992188,-16.806930541992188,-16.806930541992188,-16.166305541992188,-16.166305541992188,-16.166305541992188,-15.338180541992188,-15.338180541992188,-15.338180541992188,-15.072555541992188,-15.072555541992188,-15.072555541992188,-15.088180541992188,-15.088180541992188,-14.744430541992188,-14.744430541992188,-14.744430541992188,-13.838180541992188,-13.838180541992188,-13.197555541992188,-13.197555541992188,-13.197555541992188,-12.510055541992188,-12.510055541992188,-11.431930541992188,-11.431930541992188,-11.431930541992188,-11.041305541992188,-11.041305541992188,-10.181930541992188,-10.181930541992188,-10.853805541992188
-17.891963958740234,-18.82872772216797,-19.173416137695312,-19.609045028686523,-20.362340927124023,-20.627775192260742,-20.509960174560547,-20.365966796875,-19.694894790649414,-19.463180541992188,-17.588180541992188,-17.588180541992188,-17.588180541992188,-16.806930541992188,-16.806930541992188,-16.806930541992188,-16.166305541992188,-16.166305541992188,-16.166305541992188,-15.338180541992188,-15.338180541992188,-15.338180541992188,-15.072555541992188,-15.072555541992188,-15.072555541992188,-15.088180541992188,-15.088180541992188,-15.088180541992188,-14.744430541992188,-14.744430541992188,-13.838180541992188,-13.838180541992188,-13.838180541992188,-13.197555541992188,-13.197555541992188,-12.510055541992188,-12.510055541992188,-12.510055541992188,-11.431930541992188,-11.431930541992188,-11.041305541992188,-11.041305541992188,-10.181930541992188
-18.50846290588379,-19.506420135498047,-19.929914474487305,-20.376422882080078,-20.844472885131836,-21.202152252197266,-21.300437927246094,-20.90320587158203,-21.020967483520508,-20.416305541992188,-19.463180541992188,-19.463180541992188,-19.463180541992188,-17.588180541992188,-17.588180541992188,-17.588180541992188,-16.806930541992188,-16.806930541992188,-16.806930541992188,-16.166305541992188,-16.166305541992188,-16.166305541992188,-15.338180541992188,-15.338180541992188,-15.072555541992188,-15.072555541992188,-15.072555541992188,-15.088180541992188,-15.088180541992188,-15.088180541992188,-14.744430541992188,-14.744430541992188,-13.838180541992188,-13.838180541992188,-13.838180541992188,-13.197555541992188,-13.197555541992188,-12.510055541992188,-12.510055541992188,-12.510055541992188,-11.431930541992188,-11.431930541992188,-11.041305541992188
