lessons/derecho-2022/jet/velocity/narr_jet_500mb_20220512_1800z_NA_leaflet_velocity.json
{"header": {"parameterCategory": 2, "parameterNumber": 3, "parameterNumberName": "v-wind 500mb", "parameterUnit": "m/s", "nx": 141, "ny": 81, "lo1": -130.0, "la1": 60.0, "dx": 0.5, "dy": 0.5, "refTime": "2022-05-12T18:00:00", "gridUnits": "degrees"}, "data":
[rows 57 to 75 of 81, columns 43 to 85 of 141]
1.9543304443359375,1.9543304443359375,1.9543304443359375,2.7199554443359375,6.6105804443359375,10.735580444335938,16.001205444335938,16.001205444335938,21.141830444335938,20.813705444335938,19.219955444335938,19.219955444335938,17.282455444335938,15.391830444335938,13.048080444335938,13.048080444335938,8.938705444335938,7.1262054443359375,6.4699554443359375,6.4699554443359375,6.2980804443359375,5.6418304443359375,4.3605804443359375,4.3605804443359375,3.2512054443359375,1.9074554443359375,1.1418304443359375,1.1418304443359375,0.6887054443359375,2.1730804443359375,2.2199554443359375,2.2199554443359375,1.5168304443359375,-0.2800445556640625,-2.8894195556640625,-2.8894195556640625,-5.9050445556640625,-7.7487945556640625,-9.373794555664062,-9.373794555664062,-11.467544555664062,-13.670669555664062,-10.33903980255127
1.9543304443359375,1.9543304443359375,1.9543304443359375,2.7199554443359375,6.6105804443359375,10.735580444335938,16.001205444335938,16.001205444335938,21.141830444335938,20.813705444335938,19.219955444335938,19.219955444335938,17.282455444335938,15.391830444335938,13.048080444335938,13.048080444335938,8.938705444335938,7.1262054443359375,6.4699554443359375,6.4699554443359375,6.2980804443359375,5.6418304443359375,4.3605804443359375,4.3605804443359375,3.2512054443359375,1.9074554443359375,1.1418304443359375,0.6887054443359375,0.6887054443359375,2.1730804443359375,2.2199554443359375,1.5168304443359375,1.5168304443359375,-0.2800445556640625,-2.8894195556640625,-5.9050445556640625,-5.9050445556640625,-7.7487945556640625,-9.373794555664062,-11.467544555664062,-11.467544555664062,-13.670669555664062,-15.233169555664062
1.9543304443359375,1.9543304443359375,1.9543304443359375,2.7199554443359375,6.6105804443359375,10.735580444335938,16.001205444335938,16.001205444335938,21.141830444335938,20.813705444335938,19.219955444335938,19.219955444335938,17.282455444335938,15.391830444335938,13.048080444335938,13.048080444335938,8.938705444335938,7.1262054443359375,6.4699554443359375,6.4699554443359375,6.2980804443359375,5.6418304443359375,4.3605804443359375,3.2512054443359375,3.2512054443359375,1.9074554443359375,1.1418304443359375,0.6887054443359375,0.6887054443359375,2.1730804443359375,2.2199554443359375,1.5168304443359375,1.5168304443359375,-0.2800445556640625,-2.8894195556640625,-5.9050445556640625,-5.9050445556640625,-7.7487945556640625,-9.373794555664062,-11.467544555664062,-13.670669555664062,-13.670669555664062,-15.233169555664062
1.9543304443359375,1.9543304443359375,1.9543304443359375,2.7199554443359375,6.6105804443359375,10.735580444335938,16.001205444335938,16.001205444335938,21.141830444335938,20.813705444335938,19.219955444335938,19.219955444335938,17.282455444335938,15.391830444335938,13.048080444335938,13.048080444335938,8.938705444335938,7.1262054443359375,6.4699554443359375,6.2980804443359375,6.2980804443359375,5.6418304443359375,4.3605804443359375,3.2512054443359375,3.2512054443359375,1.9074554443359375,1.1418304443359375,0.6887054443359375,0.6887054443359375,2.1730804443359375,2.2199554443359375,1.5168304443359375,-0.2800445556640625,-0.2800445556640625,-2.8894195556640625,-5.9050445556640625,-7.7487945556640625,-7.7487945556640625,-9.373794555664062,-11.467544555664062,-13.670669555664062,-13.670669555664062,-15.233169555664062
1.9543304443359375,1.9543304443359375,1.9543304443359375,2.7199554443359375,6.6105804443359375,10.735580444335938,16.001205444335938,16.001205444335938,21.141830444335938,20.813705444335938,19.219955444335938,19.219955444335938,17.282455444335938,15.391830444335938,13.048080444335938,8.938705444335938,8.938705444335938,7.1262054443359375,6.4699554443359375,6.2980804443359375,6.2980804443359375,5.6418304443359375,4.3605804443359375,3.2512054443359375,1.9074554443359375,1.9074554443359375,1.1418304443359375,0.6887054443359375,2.1730804443359375,2.1730804443359375,2.2199554443359375,1.5168304443359375,-0.2800445556640625,-0.2800445556640625,-2.8894195556640625,-5.9050445556640625,-7.7487945556640625,-9.373794555664062,-9.373794555664062,-11.467544555664062,-13.670669555664062,-15.233169555664062,-15.233169555664062
1.9543304443359375,1.9543304443359375,1.9543304443359375,2.7199554443359375,6.6105804443359375,10.735580444335938,16.001205444335938,16.001205444335938,21.141830444335938,20.813705444335938,19.219955444335938,19.219955444335938,17.282455444335938,15.391830444335938,13.048080444335938,8.938705444335938,8.938705444335938,7.1262054443359375,6.4699554443359375,6.2980804443359375,6.2980804443359375,5.6418304443359375,4.3605804443359375,3.2512054443359375,1.9074554443359375,1.9074554443359375,1.1418304443359375,0.6887054443359375,2.1730804443359375,2.2199554443359375,2.2199554443359375,1.5168304443359375,-0.2800445556640625,-2.8894195556640625,-2.8894195556640625,-5.9050445556640625,-7.7487945556640625,-9.373794555664062,-11.467544555664062,-11.467544555664062,-13.670669555664062,-15.233169555664062,-17.108169555664062
1.9543304443359375,1.9543304443359375,1.9543304443359375,2.7199554443359375,6.6105804443359375,10.735580444335938,16.001205444335938,16.001205444335938,21.141830444335938,20.813705444335938,19.219955444335938,17.282455444335938,17.282455444335938,15.391830444335938,13.048080444335938,8.938705444335938,8.938705444335938,7.1262054443359375,6.4699554443359375,6.2980804443359375,5.6418304443359375,5.6418304443359375,4.3605804443359375,3.2512054443359375,1.9074554443359375,1.9074554443359375,1.1418304443359375,0.6887054443359375,2.1730804443359375,2.2199554443359375,2.2199554443359375,1.5168304443359375,-0.2800445556640625,-2.8894195556640625,-5.9050445556640625,-5.9050445556640625,-7.7487945556640625,-9.373794555664062,-11.467544555664062,-11.467544555664062,-13.670669555664062,-15.233169555664062,-17.108169555664062
1.9543304443359375,1.9543304443359375,1.9543304443359375,2.7199554443359375,6.6105804443359375,10.735580444335938,16.001205444335938,16.001205444335938,21.141830444335938,20.813705444335938,19.219955444335938,17.282455444335938,17.282455444335938,15.391830444335938,13.048080444335938,8.938705444335938,7.1262054443359375,7.1262054443359375,6.4699554443359375,6.2980804443359375,5.6418304443359375,5.6418304443359375,4.3605804443359375,3.2512054443359375,1.9074554443359375,1.1418304443359375,1.1418304443359375,0.6887054443359375,2.1730804443359375,2.2199554443359375,1.5168304443359375,1.5168304443359375,-0.2800445556640625,-2.8894195556640625,-5.9050445556640625,-5.9050445556640625,-7.7487945556640625,-9.373794555664062,-11.467544555664062,-13.670669555664062,-13.670669555664062,-15.233169555664062,-17.108169555664062
1.9543304443359375,1.9543304443359375,1.9543304443359375,2.7199554443359375,6.6105804443359375,10.735580444335938,16.001205444335938,16.001205444335938,21.141830444335938,20.813705444335938,19.219955444335938,17.282455444335938,17.282455444335938,15.391830444335938,13.048080444335938,8.938705444335938,7.1262054443359375,7.1262054443359375,6.4699554443359375,6.2980804443359375,5.6418304443359375,4.3605804443359375,4.3605804443359375,3.2512054443359375,1.9074554443359375,1.1418304443359375,1.1418304443359375,0.6887054443359375,2.1730804443359375,2.2199554443359375,1.5168304443359375,1.5168304443359375,-0.2800445556640625,-2.8894195556640625,-5.9050445556640625,-7.7487945556640625,-7.7487945556640625,-9.373794555664062,-11.467544555664062,-13.670669555664062,-15.233169555664062,-15.233169555664062,-17.108169555664062
1.9543304443359375,1.9543304443359375,1.9543304443359375,2.7199554443359375,6.6105804443359375,10.735580444335938,16.001205444335938,16.001205444335938,21.141830444335938,20.813705444335938,19.219955444335938,17.282455444335938,17.282455444335938,15.391830444335938,13.048080444335938,8.938705444335938,7.1262054443359375,7.1262054443359375,6.4699554443359375,6.2980804443359375,5.6418304443359375,4.3605804443359375,4.3605804443359375,3.2512054443359375,1.9074554443359375,1.1418304443359375,0.6887054443359375,0.6887054443359375,2.1730804443359375,2.2199554443359375,1.5168304443359375,-0.2800445556640625,-0.2800445556640625,-2.8894195556640625,-5.9050445556640625,-7.7487945556640625,-9.373794555664062,-9.373794555664062,-11.467544555664062,-13.670669555664062,-15.233169555664062,-17.108169555664062,-17.108169555664062
1.9543304443359375,1.9543304443359375,1.9543304443359375,2.7199554443359375,6.6105804443359375,10.735580444335938,16.001205444335938,16.001205444335938,21.141830444335938,20.813705444335938,19.219955444335938,17.282455444335938,17.282455444335938,15.391830444335938,13.048080444335938,8.938705444335938,7.1262054443359375,7.1262054443359375,6.4699554443359375,6.2980804443359375,5.6418304443359375,4.3605804443359375,3.2512054443359375,3.2512054443359375,1.9074554443359375,1.1418304443359375,0.6887054443359375,2.1730804443359375,2.1730804443359375,2.2199554443359375,1.5168304443359375,-0.2800445556640625,-2.8894195556640625,-2.8894195556640625,-5.9050445556640625,-7.7487945556640625,-9.373794555664062,-11.467544555664062,-11.467544555664062,-13.670669555664062,-15.233169555664062,-17.108169555664062,-18.436294555664062
1.9543304443359375,1.9543304443359375,1.9543304443359375,2.7199554443359375,6.6105804443359375,10.735580444335938,16.001205444335938,16.001205444335938,21.141830444335938,20.813705444335938,19.219955444335938,17.282455444335938,15.391830444335938,15.391830444335938,13.048080444335938,8.938705444335938,7.1262054443359375,6.4699554443359375,6.4699554443359375,6.2980804443359375,5.6418304443359375,4.3605804443359375,3.2512054443359375,3.2512054443359375,1.9074554443359375,1.1418304443359375,0.6887054443359375,2.1730804443359375,2.1730804443359375,2.2199554443359375,1.5168304443359375,-0.2800445556640625,-2.8894195556640625,-2.8894195556640625,-5.9050445556640625,-7.7487945556640625,-9.373794555664062,-11.467544555664062,-13.670669555664062,-13.670669555664062,-15.233169555664062,-17.108169555664062,-18.436294555664062
1.9543304443359375,1.9543304443359375,1.9543304443359375,2.7199554443359375,6.6105804443359375,10.735580444335938,16.001205444335938,21.141830444335938,21.141830444335938,20.813705444335938,19.219955444335938,17.282455444335938,15.391830444335938,15.391830444335938,13.048080444335938,8.938705444335938,7.1262054443359375,6.4699554443359375,6.4699554443359375,6.2980804443359375,5.6418304443359375,4.3605804443359375,3.2512054443359375,1.9074554443359375,1.9074554443359375,1.1418304443359375,0.6887054443359375,2.1730804443359375,2.2199554443359375,2.2199554443359375,1.5168304443359375,-0.2800445556640625,-2.8894195556640625,-5.9050445556640625,-5.9050445556640625,-7.7487945556640625,-9.373794555664062,-11.467544555664062,-13.670669555664062,-15.233169555664062,-15.233169555664062,-17.108169555664062,-18.436294555664062
1.9543304443359375,1.9543304443359375,1.9543304443359375,2.7199554443359375,6.6105804443359375,10.735580444335938,16.001205444335938,21.141830444335938,21.141830444335938,20.813705444335938,19.219955444335938,17.282455444335938,15.391830444335938,15.391830444335938,13.048080444335938,8.938705444335938,7.1262054443359375,6.4699554443359375,6.2980804443359375,6.2980804443359375,5.6418304443359375,4.3605804443359375,3.2512054443359375,1.9074554443359375,1.9074554443359375,1.1418304443359375,0.6887054443359375,2.1730804443359375,2.2199554443359375,1.5168304443359375,1.5168304443359375,-0.2800445556640625,-2.8894195556640625,-5.9050445556640625,-7.7487945556640625,-7.7487945556640625,-9.373794555664062,-11.467544555664062,-13.670669555664062,-15.233169555664062,-17.108169555664062,-17.108169555664062,-18.436294555664062
1.9543304443359375,1.9543304443359375,1.9543304443359375,2.7199554443359375,6.6105804443359375,10.735580444335938,16.001205444335938,21.141830444335938,21.141830444335938,20.813705444335938,19.219955444335938,17.282455444335938,15.391830444335938,15.391830444335938,13.048080444335938,8.938705444335938,7.1262054443359375,6.4699554443359375,6.2980804443359375,6.2980804443359375,5.6418304443359375,4.3605804443359375,3.2512054443359375,1.9074554443359375,1.1418304443359375,1.1418304443359375,0.6887054443359375,2.1730804443359375,2.2199554443359375,1.5168304443359375,1.5168304443359375,-0.2800445556640625,-2.8894195556640625,-5.9050445556640625,-7.7487945556640625,-9.373794555664062,-9.373794555664062,-11.467544555664062,-13.670669555664062,-15.233169555664062,-17.108169555664062,-18.436294555664062,-18.436294555664062
1.9543304443359375,1.9543304443359375,1.9543304443359375,2.7199554443359375,6.6105804443359375,10.735580444335938,16.001205444335938,21.141830444335938,21.141830444335938,20.813705444335938,19.219955444335938,17.282455444335938,15.391830444335938,13.048080444335938,13.048080444335938,8.938705444335938,7.1262054443359375,6.4699554443359375,6.2980804443359375,6.2980804443359375,5.6418304443359375,4.3605804443359375,3.2512054443359375,1.9074554443359375,1.1418304443359375,1.1418304443359375,0.6887054443359375,2.1730804443359375,2.2199554443359375,1.5168304443359375,-0.2800445556640625,-0.2800445556640625,-2.8894195556640625,-5.9050445556640625,-7.7487945556640625,-9.373794555664062,-11.467544555664062,-11.467544555664062,-13.670669555664062,-15.233169555664062,-17.108169555664062,-18.436294555664062,-19.514419555664062
1.9543304443359375,1.9543304443359375,1.9543304443359375,2.7199554443359375,6.6105804443359375,10.735580444335938,16.001205444335938,21.141830444335938,21.141830444335938,20.813705444335938,19.219955444335938,17.282455444335938,15.391830444335938,13.048080444335938,13.048080444335938,8.938705444335938,7.1262054443359375,6.4699554443359375,6.2980804443359375,5.6418304443359375,5.6418304443359375,4.3605804443359375,3.2512054443359375,1.9074554443359375,1.1418304443359375,0.6887054443359375,0.6887054443359375,2.1730804443359375,2.2199554443359375,1.5168304443359375,-0.2800445556640625,-2.8894195556640625,-2.8894195556640625,-5.9050445556640625,-7.7487945556640625,-9.373794555664062,-11.467544555664062,-13.670669555664062,-13.670669555664062,-15.233169555664062,-17.108169555664062,-18.436294555664062,-19.514419555664062
1.9543304443359375,1.9543304443359375,1.9543304443359375,2.7199554443359375,6.6105804443359375,10.735580444335938,16.001205444335938,21.141830444335938,21.141830444335938,20.813705444335938,19.219955444335938,17.282455444335938,15.391830444335938,13.048080444335938,13.048080444335938,8.938705444335938,7.1262054443359375,6.4699554443359375,6.2980804443359375,5.6418304443359375,4.3605804443359375,4.3605804443359375,3.2512054443359375,1.9074554443359375,1.1418304443359375,0.6887054443359375,2.1730804443359375,2.1730804443359375,2.2199554443359375,1.5168304443359375,-0.2800445556640625,-2.8894195556640625,-5.9050445556640625,-5.9050445556640625,-7.7487945556640625,-9.373794555664062,-11.467544555664062,-13.670669555664062,-15.233169555664062,-15.233169555664062,-17.108169555664062,-18.436294555664062,-19.514419555664062
1.9543304443359375,1.9543304443359375,1.9543304443359375,2.7199554443359375,6.6105804443359375,10.735580444335938,16.001205444335938,21.141830444335938,21.141830444335938,20.813705444335938,19.219955444335938,17.282455444335938,15.391830444335938,13.048080444335938,8.938705444335938,8.938705444335938,7.1262054443359375,6.4699554443359375,6.2980804443359375,5.6418304443359375,4.3605804443359375,4.3605804443359375,3.2512054443359375,1.9074554443359375,1.1418304443359375,0.6887054443359375,2.1730804443359375,2.2199554443359375,2.2199554443359375,1.5168304443359375,-0.2800445556640625,-2.8894195556640625,-5.9050445556640625,-7.7487945556640625,-7.7487945556640625,-9.373794555664062,-11.467544555664062,-13.670669555664062,-15.233169555664062,-17.108169555664062,-17.108169555664062,-18.436294555664062,-19.514419555664062
