lessons/derecho-2022/jet/velocity/narr_jet_500mb_20220512_2100z_NA_leaflet_velocity.json
{"header": {"parameterCategory": 2, "parameterNumber": 3, "parameterNumberName": "v-wind 500mb", "parameterUnit": "m/s", "nx": 141, "ny": 81, "lo1": -130.0, "la1": 60.0, "dx": 0.5, "dy": 0.5, "refTime": "2022-05-12T21:00:00", "gridUnits": "degrees"}, "data":
[rows 38 to 56 of 81, columns 43 to 85 of 141]
6.935394287109375,6.935394287109375,7.650093078613281,8.45107364654541,9.103094100952148,8.00326919555664,7.879377841949463,9.130963325500488,11.652735710144043,15.306244850158691,21.390117645263672,23.308204650878906,25.184965133666992,26.00326919555664,28.371219635009766,29.684885025024414,30.66121482849121,29.960947036743164,28.60141944885254,26.10181427001953,24.020893096923828,20.61410140991211,17.92235565185547,16.024309158325195,15.18285846710205,14.902183532714844,14.761601448059082,14.868294715881348,15.210409164428711,15.331228256225586,15.128762245178223,14.634490966796875,13.789295196533203,12.27874755859375,11.213573455810547,10.13724422454834,8.63449764251709,7.250062942504883,6.187709331512451,4.907146453857422,3.6806483268737793,2.9516875743865967,2.308678150177002
6.560394287109375,6.560394287109375,8.038839340209961,9.372880935668945,9.845520973205566,9.55359935760498,8.883041381835938,8.885636329650879,11.072612762451172,14.212713241577148,19.12306785583496,22.45970916748047,24.190454483032227,25.19319725036621,27.788908004760742,29.708593368530273,30.296781539916992,29.5977783203125,27.791627883911133,24.787044525146484,22.327342987060547,20.00408363342285,17.32258415222168,15.714395523071289,14.789253234863281,14.292784690856934,14.24432373046875,14.351222038269043,14.593304634094238,14.87563419342041,14.49190902709961,13.893003463745117,12.982122421264648,11.639788627624512,10.540287971496582,9.474954605102539,8.0540189743042,6.19584321975708,5.27278470993042,4.346805095672607,2.9200856685638428,1.863956093788147,1.3636950254440308
5.779144287109375,5.779144287109375,7.527093410491943,8.653057098388672,9.283032417297363,9.53602123260498,9.771552085876465,10.300065994262695,12.2566556930542,14.456544876098633,17.746374130249023,19.71538734436035,22.623308181762695,24.498483657836914,26.63606834411621,29.1789608001709,29.276845932006836,28.131473541259766,26.33557891845703,23.462665557861328,21.212711334228516,19.318052291870117,17.34661102294922,15.084086418151855,13.912761688232422,13.529764175415039,13.368632316589355,13.586702346801758,13.830743789672852,13.820805549621582,13.849946022033691,13.325676918029785,12.151180267333984,10.743143081665039,9.391642570495605,8.340683937072754,7.365447521209717,5.224917411804199,3.569707155227661,2.792191505432129,2.3796982765197754,1.145886778831482,0.4724009037017822
3.779144287109375,3.779144287109375,5.883408069610596,6.928410530090332,7.677644729614258,9.082419395446777,9.617405891418457,10.710506439208984,11.779959678649902,14.605195999145508,17.005891799926758,18.7901554107666,20.75038719177246,23.885725021362305,25.921545028686523,27.451677322387695,28.66193199157715,27.483680725097656,25.92469596862793,23.6187801361084,19.381980895996094,17.025068283081055,15.5611572265625,14.603974342346191,13.210025787353516,12.742290496826172,12.413713455200195,12.588661193847656,13.067052841186523,12.822774887084961,12.456687927246094,11.994512557983398,11.33244514465332,10.08536148071289,8.633991241455078,6.996863842010498,5.548146724700928,4.4538373947143555,2.9498748779296875,1.8598378896713257,1.1351993083953857,0.6149964332580566,-0.22113041579723358
3.779144287109375,3.779144287109375,4.218590259552002,5.545432090759277,6.309150218963623,7.619365692138672,9.079041481018066,10.122776985168457,11.099235534667969,12.612434387207031,16.024974822998047,18.329557418823242,20.283109664916992,23.093530654907227,25.507993698120117,26.742074966430664,27.581628799438477,25.53266143798828,23.821083068847656,21.924819946289062,19.007041931152344,16.02608871459961,14.328524589538574,13.049893379211426,12.425263404846191,11.964788436889648,11.586505889892578,11.64763069152832,12.0572509765625,12.035581588745117,11.732316970825195,11.207113265991211,10.396010398864746,9.030380249023438,8.08626651763916,6.424365997314453,4.40260124206543,2.614504098892212,1.7417285442352295,1.0188887119293213,0.1944170594215393,-0.3406068980693817,-1.343940258026123
2.232269287109375,2.232269287109375,3.6894454956054688,4.995566368103027,5.868618965148926,7.0359320640563965,7.670316219329834,8.871641159057617,10.603750228881836,12.3878755569458,14.781143188476562,17.41267204284668,19.49923324584961,21.1165771484375,25.127254486083984,26.24215316772461,25.88664436340332,24.65702247619629,22.10708236694336,19.671403884887695,16.598731994628906,15.017160415649414,13.290848731994629,12.015022277832031,11.320298194885254,10.948100090026855,10.765459060668945,10.788187026977539,11.019908905029297,11.281915664672852,10.722991943359375,10.347355842590332,9.6664457321167,8.150213241577148,6.533647537231445,5.191317558288574,3.2372303009033203,1.5525999069213867,0.5106878876686096,-0.05268493667244911,-0.6449946761131287,-0.9726301431655884,-2.197833299636841
2.529144287109375,2.529144287109375,3.3054842948913574,4.246786594390869,5.85980749130249,7.03104829788208,7.7219648361206055,7.452940464019775,10.325434684753418,12.733160018920898,15.0287504196167,17.415790557861328,19.641765594482422,21.73876953125,23.902990341186523,24.988794326782227,24.153284072875977,21.694557189941406,20.044971466064453,17.601993560791016,14.744951248168945,13.317458152770996,12.175079345703125,11.178751945495605,10.5127534866333,10.227290153503418,10.116660118103027,9.83983325958252,9.915703773498535,10.175300598144531,10.035360336303711,9.49946403503418,8.739925384521484,7.260952949523926,5.8368940353393555,4.220302581787109,1.8392889499664307,0.15823933482170105,-0.6551542282104492,-1.0302479267120361,-1.697219967842102,-2.5152626037597656,-3.3534789085388184
3.107269287109375,3.107269287109375,3.8477110862731934,4.711381435394287,5.362131118774414,6.287928104400635,7.125418663024902,7.992799282073975,11.444169044494629,13.46398639678955,14.745877265930176,15.787818908691406,19.122644424438477,21.901695251464844,23.669652938842773,23.176467895507812,22.353622436523438,19.866939544677734,17.942365646362305,16.142797470092773,13.796403884887695,12.112034797668457,11.226449966430664,10.424921989440918,9.375996589660645,8.857660293579102,8.781700134277344,9.044182777404785,9.138116836547852,9.185681343078613,9.21731185913086,8.892040252685547,8.106158256530762,6.4798150062561035,4.303940296173096,2.777534246444702,0.7282842993736267,-1.0729429721832275,-2.1595399379730225,-2.6426258087158203,-2.821017026901245,-3.5296804904937744,-4.454927921295166
2.138519287109375,2.138519287109375,3.4238810539245605,4.740896701812744,5.518585205078125,6.9862847328186035,8.462464332580566,9.926573753356934,11.729634284973145,13.30022144317627,14.692737579345703,17.183940887451172,19.441307067871094,21.945585250854492,23.259279251098633,22.258310317993164,20.882165908813477,18.718759536743164,16.022226333618164,14.483746528625488,13.036957740783691,10.788525581359863,9.700485229492188,9.051501274108887,8.454957008361816,7.936695575714111,7.515738487243652,7.549699306488037,8.234042167663574,8.519651412963867,8.444021224975586,8.016393661499023,7.149646282196045,5.915576457977295,4.290877342224121,1.6609655618667603,-0.21947742998600006,-2.175020933151245,-3.0666275024414062,-3.720458507537842,-4.375410556793213,-5.001152515411377,-5.710618019104004
2.294769287109375,2.294769287109375,3.488203287124634,5.00475549697876,6.288613796234131,7.04542875289917,8.0936279296875,9.415247917175293,11.911063194274902,12.964649200439453,14.597918510437012,17.934598922729492,20.256839752197266,21.881595611572266,22.61824607849121,20.610244750976562,19.13903045654297,17.384504318237305,14.145785331726074,12.129484176635742,10.649239540100098,9.545635223388672,8.875801086425781,7.925667762756348,6.940441131591797,6.508832931518555,6.431386947631836,6.200345039367676,6.8709025382995605,7.611496925354004,7.808643341064453,7.7907891273498535,6.640566349029541,5.01637077331543,3.3516907691955566,0.9651340246200562,-1.0983185768127441,-3.4265975952148438,-4.585051536560059,-4.993616104125977,-5.532522678375244,-6.23959493637085,-7.334521770477295
3.451019287109375,3.451019287109375,4.060258388519287,4.936337471008301,6.027346134185791,7.616007328033447,8.83883285522461,9.936327934265137,11.38302993774414,13.028371810913086,14.490686416625977,17.87113380432129,20.625917434692383,21.28742027282715,21.436872482299805,19.304962158203125,17.055147171020508,14.984267234802246,12.759626388549805,11.194963455200195,9.630463600158691,8.079647064208984,7.415585517883301,6.813910007476807,5.904036045074463,5.329097747802734,5.164347171783447,5.221410751342773,5.563260555267334,6.6137375831604,7.00840425491333,6.70759916305542,5.50202751159668,4.269209384918213,2.2348575592041016,-0.3004299998283386,-2.569681167602539,-4.0151753425598145,-5.275692462921143,-6.0904951095581055,-6.798901557922363,-7.220386981964111,-8.185824394226074
3.294769287109375,3.294769287109375,4.1153998374938965,5.300975322723389,6.014009475708008,7.207577705383301,8.755114555358887,10.211199760437012,11.141138076782227,14.537327766418457,15.956875801086426,18.560230255126953,20.132261276245117,20.797086715698242,19.632877349853516,18.113204956054688,16.091350555419922,13.819984436035156,11.097683906555176,9.515210151672363,8.464627265930176,7.479950904846191,6.824280738830566,5.9094696044921875,4.954905033111572,4.224820613861084,4.089162349700928,4.3188982009887695,4.573250770568848,5.303861618041992,6.115128517150879,6.024451732635498,4.984353065490723,2.7781269550323486,1.383582592010498,-0.13709045946598053,-3.741212844848633,-5.418570041656494,-6.422984600067139,-7.098987579345703,-7.90214729309082,-8.901124000549316,-9.627466201782227
3.294769287109375,3.294769287109375,4.51825475692749,5.310861587524414,5.9606614112854,6.721212387084961,8.833112716674805,10.471606254577637,11.701066970825195,14.730030059814453,18.170412063598633,19.870237350463867,19.984304428100586,19.489730834960938,18.44125747680664,15.759515762329102,13.577258110046387,11.844259262084961,10.299991607666016,9.061431884765625,7.81903600692749,6.889641761779785,6.1472601890563965,5.388911247253418,4.30429744720459,3.1316168308258057,2.746830463409424,3.083996057510376,3.760741949081421,4.525219917297363,5.1405229568481445,5.050944805145264,4.3754963874816895,2.0721490383148193,-0.12891219556331635,-1.818869709968567,-3.8051180839538574,-6.250999450683594,-7.390383720397949,-8.28664779663086,-9.097747802734375,-9.727059364318848,-10.700655937194824
3.544769287109375,3.544769287109375,3.834833860397339,4.653684139251709,5.566091537475586,6.327113628387451,8.112215995788574,11.160435676574707,13.584324836730957,16.22079086303711,17.993684768676758,19.570585250854492,18.73902130126953,17.482820510864258,15.983668327331543,14.423800468444824,12.803841590881348,10.978450775146484,9.288919448852539,7.732119560241699,7.1723551750183105,6.400842189788818,5.570474147796631,4.824703216552734,3.54168701171875,2.6232919692993164,2.195866823196411,2.4040145874023438,3.06687331199646,3.8565449714660645,4.501407146453857,4.237782001495361,3.330336093902588,2.0496859550476074,-0.3992334306240082,-2.416818141937256,-4.346957206726074,-6.646360874176025,-8.195273399353027,-9.071475982666016,-10.381068229675293,-11.137564659118652,-11.861557006835938
2.966644287109375,2.966644287109375,3.904144287109375,2.46577787399292,3.1116302013397217,4.080971717834473,5.2173919677734375,6.674835681915283,9.50106430053711,13.862626075744629,17.64643669128418,18.448129653930664,17.659154891967773,16.52678871154785,14.995271682739258,13.103351593017578,10.521835327148438,9.29079818725586,8.018649101257324,6.694364547729492,6.262969017028809,5.719719886779785,5.1340107917785645,4.449355602264404,2.9597058296203613,1.7677679061889648,1.3199158906936646,1.2118480205535889,2.2992494106292725,3.2081267833709717,3.9141452312469482,3.5946474075317383,2.695986270904541,1.3799320459365845,-0.9575576782226562,-3.6254451274871826,-5.219962120056152,-7.348433017730713,-9.066680908203125,-10.10345458984375,-10.935009956359863,-11.933695793151855,-12.894777297973633
2.966644287109375,2.966644287109375,3.904144287109375,3.904144287109375,5.388519287109375,6.841644287109375,6.841644287109375,10.138519287109375,14.951019287109375,18.732269287109375,18.732269287109375,0.10957055538892746,0.8585073351860046,1.9780486822128296,3.334317445755005,6.3593549728393555,10.584698677062988,13.162721633911133,12.824949264526367,11.501582145690918,8.635564804077148,5.7239508628845215,4.534358978271484,4.053921222686768,2.741058588027954,1.5942305326461792,0.8192766308784485,0.5023488998413086,0.9746401906013489,2.5648419857025146,3.221806526184082,2.975609302520752,1.6458001136779785,0.2679702937602997,-1.5612950325012207,-4.250965118408203,-6.159303188323975,-7.875755786895752,-9.714892387390137,-10.567621231079102,-11.816352844238281,-12.937969207763672,-13.80996036529541
2.966644287109375,2.966644287109375,3.904144287109375,3.904144287109375,5.388519287109375,6.841644287109375,6.841644287109375,10.138519287109375,14.951019287109375,18.732269287109375,18.732269287109375,18.763519287109375,17.497894287109375,15.810394287109375,15.810394287109375,13.201019287109375,9.529144287109375,7.763519287109375,7.763519287109375,-2.2466368675231934,-1.2532542943954468,-0.0062007722444832325,3.217646360397339,7.245710849761963,7.99817419052124,6.772078514099121,3.8326573371887207,1.5300848484039307,0.8639929890632629,-0.2672942876815796,-1.4283196926116943,2.305335521697998,1.8092554807662964,-0.10288321226835251,-2.110949754714966,-4.750303745269775,-6.735678195953369,-8.357756614685059,-10.249377250671387,-11.770501136779785,-12.542241096496582,-13.742304801940918,-14.923065185546875
2.966644287109375,2.966644287109375,3.904144287109375,3.904144287109375,5.388519287109375,6.841644287109375,6.841644287109375,10.138519287109375,14.951019287109375,18.732269287109375,18.732269287109375,18.763519287109375,17.497894287109375,15.810394287109375,15.810394287109375,13.201019287109375,9.529144287109375,7.763519287109375,7.763519287109375,6.388519287109375,5.779144287109375,4.951019287109375,4.951019287109375,3.826019287109375,2.435394287109375,0.888519287109375,0.888519287109375,-4.4757184982299805,-3.3255937099456787,0.07593775540590286,2.8960559368133545,2.0425751209259033,-0.9702498316764832,-2.4015536308288574,-3.2249436378479004,-4.045279502868652,-1.8135956525802612,-9.08254337310791,-10.347075462341309,-11.87291431427002,-13.21718692779541,-14.391979217529297,-15.214390754699707
2.966644287109375,2.966644287109375,3.904144287109375,3.904144287109375,5.388519287109375,6.841644287109375,10.138519287109375,10.138519287109375,14.951019287109375,18.732269287109375,18.763519287109375,18.763519287109375,17.497894287109375,15.810394287109375,13.201019287109375,13.201019287109375,9.529144287109375,7.763519287109375,6.388519287109375,6.388519287109375,5.779144287109375,4.951019287109375,3.826019287109375,3.826019287109375,2.435394287109375,0.888519287109375,0.279144287109375,0.279144287109375,0.513519287109375,2.638519287109375,2.638519287109375,2.638519287109375,1.560394287109375,-1.173980712890625,-7.604903697967529,-6.564937114715576,-3.155015230178833,-2.6869282722473145,-5.3247971534729,-6.220349311828613,-6.226353645324707,-9.91745662689209,-16.061397552490234
