lessons/derecho-2022/jet/velocity/narr_jet_500mb_20220512_0900z_NA_leaflet_velocity.json
{"header": {"parameterCategory": 2, "parameterNumber": 2, "parameterNumberName": "u-wind 500mb", "parameterUnit": "m/s", "nx": 141, "ny": 81, "lo1": -130.0, "la1": 60.0, "dx": 0.5, "dy": 0.5, "refTime": "2022-05-12T09:00:00", "gridUnits": "degrees"}, "data":
[rows 38 to 56 of 81, columns 43 to 85 of 141]
8.775970458984375,8.775970458984375,8.135197639465332,7.896714210510254,8.23238754272461,9.775273323059082,10.732481002807617,10.575096130371094,10.460824012756348,9.957586288452148,9.488158226013184,9.062051773071289,8.507959365844727,7.3563032150268555,6.45743989944458,5.827268123626709,5.227529048919678,4.902335166931152,4.917356967926025,5.1510748863220215,5.497915267944336,6.409168720245361,6.654886245727539,6.7203593254089355,6.789294242858887,6.791848182678223,6.458406448364258,6.101672649383545,5.738020420074463,5.466677665710449,5.4530029296875,5.570109844207764,5.841573715209961,5.569145679473877,5.252167701721191,5.0849432945251465,4.513996601104736,3.581939935684204,3.0524773597717285,2.6426947116851807,2.1789655685424805,1.5079435110092163,0.7453025579452515
10.307220458984375,10.307220458984375,9.36796760559082,9.062971115112305,9.417840003967285,10.387694358825684,11.064339637756348,10.621207237243652,10.500565528869629,10.214773178100586,9.754402160644531,8.884137153625488,8.237785339355469,7.182171821594238,5.890941143035889,4.8508477210998535,4.143207550048828,3.9856390953063965,4.179233551025391,4.494033336639404,4.792539119720459,5.114182949066162,5.691835403442383,5.895294189453125,5.895226001739502,5.765285015106201,5.547420978546143,5.263477802276611,5.290070533752441,5.277604579925537,5.476284503936768,5.5622878074646,5.413242340087891,4.91177225112915,4.349311351776123,3.7874693870544434,3.1353862285614014,2.2616255283355713,1.8401347398757935,1.465010404586792,0.4532804489135742,-0.4231399595737457,-0.9771698713302612
10.322845458984375,10.322845458984375,10.121562957763672,10.422966957092285,10.573812484741211,11.094367980957031,11.75415325164795,11.602946281433105,10.686393737792969,10.341230392456055,9.795557022094727,9.073939323425293,7.808582305908203,6.571061611175537,5.602029800415039,4.302721977233887,3.2846925258636475,3.031571626663208,3.0713415145874023,3.7245066165924072,4.1449384689331055,4.45072078704834,4.64063024520874,4.619004726409912,4.59116268157959,4.5762858390808105,4.69407320022583,4.602703094482422,4.88991117477417,5.152477741241455,5.460432529449463,5.4591593742370605,4.810702323913574,4.038536071777344,3.2178943157196045,2.7229504585266113,2.156092643737793,1.0411090850830078,0.15208369493484497,-0.20706936717033386,-0.6453841924667358,-1.883553147315979,-2.7327489852905273
12.182220458984375,12.182220458984375,11.64367961883545,11.785820007324219,11.938654899597168,11.694485664367676,12.183181762695312,12.40464973449707,11.748905181884766,10.325788497924805,9.367146492004395,8.729392051696777,7.802196025848389,6.082948684692383,5.188632488250732,4.226765155792236,2.9449610710144043,2.6230530738830566,2.633300304412842,2.8599798679351807,3.2239232063293457,3.4354441165924072,3.541884660720825,3.54652738571167,3.543853521347046,3.569244861602783,3.7319724559783936,4.106011867523193,4.719531059265137,4.97476863861084,4.987190246582031,4.779550075531006,4.205824375152588,3.3162198066711426,2.3585965633392334,1.5673670768737793,0.9016404747962952,0.43507492542266846,-0.33522653579711914,-1.12485671043396,-1.9959360361099243,-2.687828540802002,-3.6911189556121826
12.182220458984375,12.182220458984375,13.306689262390137,12.499484062194824,12.87496566772461,12.555196762084961,12.345185279846191,12.694685935974121,12.08962631225586,11.280523300170898,9.22286605834961,8.289129257202148,7.608595848083496,6.282815933227539,5.236097812652588,4.282994270324707,3.309349775314331,2.576995849609375,2.4012389183044434,2.5519847869873047,2.6843929290771484,2.828002452850342,2.801363706588745,2.6006550788879395,2.7204859256744385,2.918858766555786,3.149935483932495,3.630952835083008,4.326474189758301,4.490234375,4.448127746582031,4.137826919555664,3.4029293060302734,2.2601864337921143,1.5914931297302246,0.8810485601425171,-0.045635886490345,-0.9186645150184631,-1.3543038368225098,-1.8789094686508179,-2.87813663482666,-3.591970920562744,-4.518885135650635
14.947845458984375,14.947845458984375,13.881086349487305,12.448694229125977,12.861640930175781,12.980317115783691,13.039938926696777,13.048171043395996,12.106002807617188,11.323402404785156,10.306497573852539,9.047781944274902,8.244889259338379,7.746977806091309,5.912841320037842,4.519753456115723,3.4338490962982178,2.706022024154663,2.3954927921295166,2.428015947341919,2.5720326900482178,2.55271053314209,2.450226068496704,2.127108335494995,2.090043544769287,2.3150558471679688,2.5936241149902344,2.9064762592315674,3.3673481941223145,3.816474199295044,3.3058836460113525,3.055612802505493,2.4368691444396973,1.243566870689392,0.06024717912077904,-0.6355595588684082,-1.2039192914962769,-1.9098182916641235,-2.4072866439819336,-2.892200231552124,-3.6300840377807617,-4.175204277038574,-5.142780780792236
16.166595458984375,16.166595458984375,15.41884708404541,14.488080024719238,12.625290870666504,12.766154289245605,13.651148796081543,14.355504989624023,12.913224220275879,11.762001037597656,10.977720260620117,9.839025497436523,9.071972846984863,8.463521957397461,7.670229911804199,5.570861339569092,3.971604585647583,3.011270523071289,2.741945505142212,2.602442502975464,2.643644094467163,2.5902769565582275,2.3357093334198,1.9670826196670532,1.7978397607803345,1.8585339784622192,2.136505365371704,2.1336236000061035,2.303805112838745,2.6346800327301025,2.464005470275879,1.9030028581619263,1.1697181463241577,0.08694158494472504,-0.7713900208473206,-1.6349893808364868,-2.7384986877441406,-3.1649816036224365,-3.4934234619140625,-3.786750316619873,-4.597838878631592,-5.529439449310303,-6.156320571899414
16.197845458984375,16.197845458984375,15.521787643432617,14.8764066696167,14.462942123413086,13.533526420593262,13.842646598815918,15.299753189086914,14.10334587097168,12.825582504272461,11.728331565856934,11.297232627868652,10.221551895141602,9.1796293258667,7.975467205047607,6.704120635986328,4.749343395233154,3.3475780487060547,3.0413990020751953,2.953268051147461,2.856628894805908,2.6962389945983887,2.4291791915893555,1.9582760334014893,1.6742082834243774,1.552032232284546,1.6064807176589966,1.666948676109314,1.6952391862869263,1.616326093673706,1.5063577890396118,1.0468233823776245,0.3322497308254242,-1.0332388877868652,-2.0895957946777344,-2.7917261123657227,-3.7635998725891113,-4.335176467895508,-4.748697280883789,-5.093629837036133,-5.510127544403076,-6.255354881286621,-6.981874942779541
15.791595458984375,15.791595458984375,14.53333568572998,13.867399215698242,15.075505256652832,13.461526870727539,13.63811206817627,15.140435218811035,14.333643913269043,13.131539344787598,12.026830673217773,11.52634048461914,10.921493530273438,9.773706436157227,8.378232955932617,7.05854606628418,5.683742046356201,3.9892678260803223,3.208775281906128,3.0756492614746094,3.030245065689087,2.755732774734497,2.437243700027466,2.052175283432007,1.5680053234100342,1.396540880203247,1.2348594665527344,1.1635617017745972,1.1828348636627197,1.1149252653121948,0.7217211127281189,0.025121327489614487,-0.7030134797096252,-1.5573196411132812,-2.4793360233306885,-3.642415761947632,-4.4011125564575195,-5.028515338897705,-5.36331844329834,-5.764168739318848,-6.361444473266602,-7.035545825958252,-7.577290058135986
16.025970458984375,16.025970458984375,14.489358901977539,13.298590660095215,13.782707214355469,13.678598403930664,13.962418556213379,15.269692420959473,13.864236831665039,13.318002700805664,12.406585693359375,11.730321884155273,11.050326347351074,10.372320175170898,9.086504936218262,7.206201076507568,5.983402729034424,4.6801981925964355,3.497999906539917,3.077453851699829,2.9004433155059814,2.654261827468872,2.328864574432373,1.89905846118927,1.3996424674987793,1.0721310377120972,0.9616438746452332,0.7733853459358215,0.7360261678695679,0.6002568006515503,0.30012962222099304,-0.12999509274959564,-1.0689492225646973,-2.102247476577759,-3.085883855819702,-4.063187599182129,-4.8660736083984375,-5.707358360290527,-6.060842990875244,-6.261466979980469,-6.723268985748291,-7.381244659423828,-8.194317817687988
14.854095458984375,14.854095458984375,13.903218269348145,12.982869148254395,13.054774284362793,14.308866500854492,14.354975700378418,15.116714477539062,13.848644256591797,13.223688125610352,12.872003555297852,12.33598518371582,11.179641723632812,10.431258201599121,9.695725440979004,7.918641090393066,6.081620693206787,4.937819480895996,3.76684308052063,3.261388063430786,2.8738796710968018,2.4186060428619385,1.8833063840866089,1.5663952827453613,1.1670774221420288,0.8434516787528992,0.6275280714035034,0.4621694087982178,0.4400373697280884,0.3299121856689453,-0.10986463725566864,-0.788296639919281,-1.7862162590026855,-2.5049591064453125,-3.582545042037964,-4.5976762771606445,-5.3589582443237305,-5.803523540496826,-6.127943992614746,-6.452106475830078,-6.754315376281738,-7.19758939743042,-8.039390563964844
16.994720458984375,16.994720458984375,14.773128509521484,12.921578407287598,13.007539749145508,14.055718421936035,14.762653350830078,14.905191421508789,14.081270217895508,13.263653755187988,12.937369346618652,12.755468368530273,11.822524070739746,10.598797798156738,9.649876594543457,8.63022232055664,6.951816558837891,5.43497371673584,4.4668049812316895,3.4351205825805664,2.821800470352173,2.332456111907959,1.840867280960083,1.235566258430481,0.7829293012619019,0.4415421485900879,0.28783586621284485,0.17933905124664307,-0.016488151624798775,-0.11808417737483978,-0.4105824828147888,-0.9994495511054993,-1.9197171926498413,-3.1213507652282715,-3.7634661197662354,-4.407745361328125,-5.4254536628723145,-5.871922969818115,-6.121548652648926,-6.366518020629883,-6.678884029388428,-7.022825717926025,-7.426743030548096
16.994720458984375,16.994720458984375,14.822989463806152,13.504889488220215,13.47476577758789,14.073446273803711,14.543142318725586,14.553009033203125,14.024857521057129,13.555675506591797,12.86339282989502,12.555581092834473,12.037956237792969,11.099393844604492,9.886534690856934,8.402875900268555,6.784254550933838,5.5825114250183105,4.777670383453369,4.006169319152832,2.892124652862549,2.111173152923584,1.480705976486206,1.0033048391342163,0.46238815784454346,-0.08818883448839188,-0.29459041357040405,-0.33092084527015686,-0.34419944882392883,-0.45020294189453125,-1.0138235092163086,-1.3683569431304932,-1.9211039543151855,-3.0832605361938477,-3.9916486740112305,-4.55465030670166,-5.112878322601318,-5.7875285148620605,-6.036012172698975,-6.21873664855957,-6.474600315093994,-6.766395568847656,-7.052219867706299
17.088470458984375,17.088470458984375,16.307283401489258,15.224350929260254,14.291044235229492,14.619039535522461,14.564507484436035,14.345564842224121,13.555851936340332,13.147624015808105,12.767786026000977,12.191389083862305,11.627676963806152,10.715221405029297,9.554158210754395,8.385047912597656,7.238658428192139,5.8520355224609375,4.657224178314209,3.5326435565948486,2.7379331588745117,1.7901722192764282,0.99239182472229,0.5135165452957153,-0.04227977991104126,-0.4079391658306122,-0.6041237115859985,-0.8013516664505005,-0.8701152801513672,-0.9488091468811035,-1.280950903892517,-1.7471359968185425,-2.187443733215332,-2.7588536739349365,-3.6578078269958496,-4.297418594360352,-4.77647066116333,-5.279608249664307,-5.780191421508789,-5.999538421630859,-6.102952003479004,-6.407189846038818,-6.674993991851807
17.775970458984375,17.775970458984375,16.494720458984375,16.909038543701172,15.986736297607422,14.957647323608398,14.492696762084961,14.781683921813965,14.27939224243164,12.96902847290039,12.336067199707031,11.874484062194824,11.376461029052734,10.883251190185547,9.875317573547363,8.436827659606934,6.66855525970459,5.656536102294922,4.368887901306152,3.032341718673706,2.133467674255371,1.0518107414245605,0.386444628238678,-0.05437669903039932,-0.6064692139625549,-1.0164437294006348,-1.137750267982483,-1.205747365951538,-1.259856104850769,-1.3481566905975342,-1.5205199718475342,-1.8574587106704712,-2.2114460468292236,-2.6194448471069336,-3.073848247528076,-3.894000768661499,-4.3869709968566895,-4.797447204589844,-5.325672149658203,-5.604400157928467,-5.826958179473877,-6.133864879608154,-6.318911075592041
17.775970458984375,17.775970458984375,16.494720458984375,16.494720458984375,15.041595458984375,15.572845458984375,15.572845458984375,14.900970458984375,13.307220458984375,12.572845458984375,12.572845458984375,12.858341217041016,11.902009010314941,11.036175727844238,11.383705139160156,10.776777267456055,9.626127243041992,9.103863716125488,8.6267728805542,8.10163402557373,6.010326385498047,3.8740851879119873,1.6999669075012207,-0.5424947738647461,-1.1793036460876465,-1.3191343545913696,-1.4146087169647217,-1.4906878471374512,-1.6602654457092285,-1.7150022983551025,-1.794472575187683,-2.031742811203003,-2.2298433780670166,-2.4447154998779297,-2.7715442180633545,-3.436781406402588,-3.946831703186035,-4.358405113220215,-5.042900085449219,-5.283998966217041,-5.425500869750977,-5.7201690673828125,-5.987285137176514
17.775970458984375,17.775970458984375,16.494720458984375,16.494720458984375,15.041595458984375,15.572845458984375,15.572845458984375,14.900970458984375,13.307220458984375,12.572845458984375,12.572845458984375,11.963470458984375,11.291595458984375,10.604095458984375,10.604095458984375,8.666595458984375,6.244720458984375,4.854095458984375,4.854095458984375,8.80764389038086,7.770617961883545,7.985726833343506,7.2741618156433105,6.354818344116211,5.8793745040893555,5.358630180358887,3.2789947986602783,1.217391848564148,-0.9156218767166138,-2.1196341514587402,-2.1734607219696045,-2.2261695861816406,-2.1357626914978027,-2.2297890186309814,-2.380005359649658,-2.8894124031066895,-3.4637715816497803,-3.887761354446411,-4.318332672119141,-4.861196517944336,-5.1026997566223145,-5.269740581512451,-5.627713680267334
17.775970458984375,17.775970458984375,16.494720458984375,16.494720458984375,15.041595458984375,15.572845458984375,15.572845458984375,14.900970458984375,13.307220458984375,12.572845458984375,12.572845458984375,11.963470458984375,11.291595458984375,10.604095458984375,10.604095458984375,8.666595458984375,6.244720458984375,4.854095458984375,4.854095458984375,2.900970458984375,1.588470458984375,-0.239654541015625,-0.239654541015625,-0.880279541015625,-1.270904541015625,-1.442779541015625,-1.442779541015625,4.714980602264404,4.575524806976318,3.7715468406677246,3.118034601211548,2.615626335144043,0.5476633310317993,-1.4288313388824463,-3.0417776107788086,-3.1778125762939453,-2.952899694442749,-3.3883299827575684,-3.8385791778564453,-4.357158184051514,-4.77811336517334,-4.986879348754883,-5.269710540771484
17.775970458984375,17.775970458984375,16.494720458984375,16.494720458984375,15.041595458984375,15.572845458984375,14.900970458984375,14.900970458984375,13.307220458984375,12.572845458984375,11.963470458984375,11.963470458984375,11.291595458984375,10.604095458984375,8.666595458984375,8.666595458984375,6.244720458984375,4.854095458984375,2.900970458984375,2.900970458984375,1.588470458984375,-0.239654541015625,-0.880279541015625,-0.880279541015625,-1.270904541015625,-1.442779541015625,-1.567779541015625,-1.567779541015625,-1.895904541015625,-2.083404541015625,-2.161529541015625,-2.161529541015625,-2.145904541015625,-2.208404541015625,1.6285505294799805,1.119004487991333,0.3735690414905548,-0.12737730145454407,-1.9497171640396118,-3.936397075653076,-4.153561592102051,-4.132794380187988,-4.923543930053711
