lessons/derecho-2022/jet/velocity/narr_jet_500mb_20220512_1800z_NA_leaflet_velocity.json
{"header": {"parameterCategory": 2, "parameterNumber": 3, "parameterNumberName": "v-wind 500mb", "parameterUnit": "m/s", "nx": 141, "ny": 81, "lo1": -130.0, "la1": 60.0, "dx": 0.5, "dy": 0.5, "refTime": "2022-05-12T18:00:00", "gridUnits": "degrees"}, "data":
[rows 19 to 37 of 81, columns 86 to 128 of 141]
-2.9295008182525635,-3.1147871017456055,-2.9193625450134277,-1.4797180891036987,-0.253164678812027,-0.0144195556640625,5.5012054443359375,6.6105804443359375,6.6105804443359375,10.344955444335938,10.344955444335938,12.329330444335938,12.329330444335938,13.329330444335938,13.329330444335938,12.954330444335938,12.954330444335938,10.219955444335938,8.454330444335938,8.454330444335938,7.5480804443359375,7.5480804443359375,5.9074554443359375,5.9074554443359375,2.9230804443359375,0.2512054443359375,0.2512054443359375,0.2512054443359375,0.2512054443359375,0.2512054443359375,0.2512054443359375,0.2512054443359375,0.2512054443359375,0.2512054443359375,0.2512054443359375,0.2512054443359375,0.2512054443359375,0.2512054443359375,0.2512054443359375,0.2512054443359375,0.2512054443359375,0.2512054443359375,0.2512054443359375
-2.3610310554504395,-2.9365267753601074,-2.928077459335327,-0.9379681944847107,0.9385808706283569,2.14638352394104,4.442971229553223,5.581486225128174,6.660687446594238,9.152247428894043,10.344955444335938,12.329330444335938,12.329330444335938,13.329330444335938,12.954330444335938,12.954330444335938,10.219955444335938,10.219955444335938,8.454330444335938,8.454330444335938,7.5480804443359375,7.5480804443359375,5.9074554443359375,2.9230804443359375,2.9230804443359375,0.2512054443359375,0.2512054443359375,0.2512054443359375,0.2512054443359375,0.2512054443359375,0.2512054443359375,0.2512054443359375,0.2512054443359375,0.2512054443359375,0.2512054443359375,0.2512054443359375,0.2512054443359375,0.2512054443359375,0.2512054443359375,0.2512054443359375,0.2512054443359375,0.2512054443359375,0.2512054443359375
-1.8379757404327393,-2.564141273498535,-2.33703351020813,-0.9407877326011658,0.8124325275421143,2.3865203857421875,3.2511653900146484,4.482933521270752,6.041009426116943,7.465793609619141,10.077547073364258,11.651758193969727,12.636248588562012,13.14247989654541,12.954330444335938,12.954330444335938,10.219955444335938,10.219955444335938,8.454330444335938,8.454330444335938,7.5480804443359375,5.9074554443359375,5.9074554443359375,2.9230804443359375,2.9230804443359375,0.2512054443359375,0.2512054443359375,0.2512054443359375,0.2512054443359375,0.2512054443359375,0.2512054443359375,0.2512054443359375,0.2512054443359375,0.2512054443359375,0.2512054443359375,0.2512054443359375,0.2512054443359375,0.2512054443359375,0.2512054443359375,0.2512054443359375,0.2512054443359375,0.2512054443359375,0.2512054443359375
-1.2294203042984009,-2.0178258419036865,-2.3781912326812744,-1.6461780071258545,0.26368317008018494,1.9380879402160645,2.840479850769043,4.339095115661621,7.153237342834473,8.390680313110352,9.859879493713379,11.07522964477539,12.13435173034668,12.29205322265625,12.22436237335205,11.345069885253906,10.06214714050293,9.170355796813965,8.454330444335938,7.5480804443359375,7.5480804443359375,5.9074554443359375,5.9074554443359375,2.9230804443359375,2.9230804443359375,0.2512054443359375,0.2512054443359375,0.2512054443359375,0.2512054443359375,0.2512054443359375,0.2512054443359375,0.2512054443359375,0.2512054443359375,0.2512054443359375,0.2512054443359375,0.2512054443359375,0.2512054443359375,0.2512054443359375,0.2512054443359375,0.2512054443359375,0.2512054443359375,0.2512054443359375,0.2512054443359375
-0.596563458442688,-1.2961323261260986,-1.6314382553100586,-1.7967467308044434,-0.465751051902771,1.1960017681121826,2.725984573364258,5.382785320281982,7.947414875030518,9.005868911743164,10.105745315551758,10.874551773071289,11.480942726135254,11.547968864440918,11.009003639221191,9.964818954467773,8.802842140197754,7.860638618469238,6.780798435211182,6.270579814910889,6.315780162811279,5.899796962738037,5.9074554443359375,2.9230804443359375,0.2512054443359375,0.2512054443359375,0.2512054443359375,0.2512054443359375,0.2512054443359375,0.2512054443359375,0.2512054443359375,0.2512054443359375,0.2512054443359375,0.2512054443359375,0.2512054443359375,0.2512054443359375,0.2512054443359375,0.2512054443359375,0.2512054443359375,0.2512054443359375,0.2512054443359375,0.2512054443359375,0.2512054443359375
0.24577561020851135,-0.4398694336414337,-0.8415566682815552,-0.7137640714645386,-0.7422806620597839,0.47891226410865784,2.397371292114258,4.977522850036621,7.642245769500732,9.098123550415039,9.75897216796875,10.316108703613281,10.406122207641602,10.473902702331543,9.831963539123535,8.781976699829102,7.17787504196167,6.101516246795654,5.299915790557861,4.362803936004639,4.092278480529785,3.879243850708008,3.33866810798645,2.3263838291168213,0.8053459525108337,0.2512054443359375,0.2512054443359375,0.2512054443359375,0.2512054443359375,0.2512054443359375,0.2512054443359375,0.2512054443359375,0.2512054443359375,0.2512054443359375,0.2512054443359375,0.2512054443359375,0.2512054443359375,0.2512054443359375,0.2512054443359375,0.2512054443359375,0.2512054443359375,0.2512054443359375,0.2512054443359375
1.0850334167480469,0.6666074991226196,0.18638987839221954,0.38312849402427673,0.7138491272926331,1.0978683233261108,2.8423714637756348,5.006570339202881,6.6077680587768555,8.672260284423828,9.15910530090332,9.442426681518555,9.445859909057617,8.902857780456543,8.452285766601562,7.80202579498291,6.685849189758301,4.720108509063721,3.8538830280303955,3.4326257705688477,2.985443115234375,2.3973429203033447,2.0183217525482178,1.5211431980133057,1.1262054443359375,0.2512054443359375,0.2512054443359375,0.2512054443359375,0.2512054443359375,0.2512054443359375,0.2512054443359375,0.2512054443359375,0.2512054443359375,0.2512054443359375,0.2512054443359375,0.2512054443359375,0.2512054443359375,0.2512054443359375,0.2512054443359375,0.2512054443359375,0.2512054443359375,0.2512054443359375,0.2512054443359375
1.8246394395828247,1.5320991277694702,1.492422342300415,1.2583757638931274,1.532308578491211,2.1590585708618164,3.59613299369812,4.861996650695801,6.034852504730225,7.069615364074707,8.05334758758545,8.161605834960938,8.2597074508667,7.585319519042969,6.703054428100586,6.241001129150391,5.592446327209473,4.144056797027588,2.876173973083496,2.3896310329437256,2.139794111251831,1.5249807834625244,1.0210174322128296,0.35841405391693115,0.5637054443359375,1.1262054443359375,1.1262054443359375,0.2512054443359375,0.2512054443359375,0.2512054443359375,0.2512054443359375,0.2512054443359375,0.2512054443359375,0.2512054443359375,0.2512054443359375,0.2512054443359375,0.2512054443359375,0.2512054443359375,0.2512054443359375,0.2512054443359375,0.2512054443359375,0.2512054443359375,0.2512054443359375
2.6298515796661377,2.266247034072876,2.57143235206604,2.7249298095703125,2.885631799697876,2.9640774726867676,4.265909671783447,4.877275466918945,5.687249660491943,5.916446685791016,6.730698108673096,6.996406555175781,6.74296760559082,6.515620231628418,5.8979291915893555,5.20253324508667,4.279834270477295,3.642091751098633,2.688873052597046,1.9770493507385254,1.51970636844635,1.174340009689331,0.7114894986152649,0.5637054443359375,0.5637054443359375,0.5637054443359375,1.1262054443359375,1.1262054443359375,0.2512054443359375,0.2512054443359375,0.2512054443359375,0.2512054443359375,0.2512054443359375,0.2512054443359375,0.2512054443359375,0.2512054443359375,0.2512054443359375,0.2512054443359375,0.2512054443359375,0.2512054443359375,0.2512054443359375,0.2512054443359375,0.2512054443359375
3.6485848426818848,3.339428424835205,3.2591114044189453,3.2505886554718018,3.500725269317627,3.680161714553833,3.9562647342681885,4.148247241973877,4.659384250640869,5.066549777984619,5.481387138366699,6.013482570648193,5.568207740783691,5.235052585601807,4.922590732574463,4.360114097595215,3.343200445175171,2.7786262035369873,2.210148811340332,1.6355401277542114,1.1454143524169922,0.7772732377052307,-2.5703420639038086,0.5637054443359375,0.5637054443359375,0.5637054443359375,0.5637054443359375,0.5637054443359375,1.1262054443359375,1.1262054443359375,0.2512054443359375,0.2512054443359375,0.2512054443359375,0.2512054443359375,0.2512054443359375,0.2512054443359375,0.2512054443359375,0.2512054443359375,0.2512054443359375,0.2512054443359375,0.2512054443359375,0.2512054443359375,0.2512054443359375
4.378820896148682,4.243108749389648,3.996782064437866,3.7476539611816406,3.4202041625976562,3.325601577758789,3.1781575679779053,3.325338363647461,4.0703535079956055,4.383082389831543,4.640677452087402,4.738389015197754,4.773519039154053,4.411137104034424,4.014466285705566,3.387005090713501,2.7487285137176514,2.2792677879333496,1.837895154953003,1.2960938215255737,0.8437381386756897,0.4885537028312683,0.5168304443359375,0.5168304443359375,0.5168304443359375,0.5637054443359375,0.5637054443359375,0.5637054443359375,0.5637054443359375,1.1262054443359375,1.1262054443359375,0.2512054443359375,0.2512054443359375,0.2512054443359375,0.2512054443359375,0.2512054443359375,0.2512054443359375,0.2512054443359375,0.2512054443359375,0.2512054443359375,0.2512054443359375,0.2512054443359375,0.2512054443359375
5.245386123657227,5.037837028503418,4.338590621948242,4.050393104553223,3.54484224319458,3.1285223960876465,2.9067068099975586,3.049058198928833,3.641906976699829,3.9372522830963135,4.19796085357666,4.153143405914307,3.8512067794799805,3.4170966148376465,3.199174642562866,2.8535783290863037,1.9555045366287231,1.4794445037841797,1.2637214660644531,0.9437775611877441,0.24958480894565582,-3.25106143951416,0.4543304443359375,0.4543304443359375,0.5168304443359375,0.5168304443359375,0.5637054443359375,0.5637054443359375,0.5637054443359375,0.5637054443359375,0.5637054443359375,1.1262054443359375,1.1262054443359375,0.2512054443359375,0.2512054443359375,0.2512054443359375,0.2512054443359375,0.2512054443359375,0.2512054443359375,0.2512054443359375,0.2512054443359375,0.2512054443359375,0.2512054443359375
5.688956260681152,5.41769552230835,4.633601188659668,4.009414196014404,3.4348645210266113,3.412992477416992,3.2445642948150635,3.1775927543640137,3.246690273284912,3.410445213317871,3.3309686183929443,3.2239952087402344,2.9083938598632812,2.203932046890259,1.8559247255325317,1.6239914894104004,1.171846866607666,0.6796876788139343,0.4024184048175812,0.21987907588481903,-1.8206186294555664,-0.0456695556640625,-0.0456695556640625,0.4543304443359375,0.4543304443359375,0.5168304443359375,0.5168304443359375,0.5168304443359375,0.5637054443359375,0.5637054443359375,0.5637054443359375,0.5637054443359375,1.1262054443359375,1.1262054443359375,0.2512054443359375,0.2512054443359375,0.2512054443359375,0.2512054443359375,0.2512054443359375,0.2512054443359375,0.2512054443359375,0.2512054443359375,0.2512054443359375
5.5392303466796875,5.357062339782715,4.6095499992370605,4.263045787811279,3.8920340538024902,3.717775344848633,3.571232795715332,3.4724013805389404,3.178197145462036,2.958531379699707,2.5353493690490723,1.9900363683700562,1.6358318328857422,1.448663592338562,1.0302830934524536,0.306246817111969,0.1438378393650055,0.03500676527619362,-0.2737466096878052,-0.6572610139846802,-3.760857105255127,-0.1862945556640625,-0.0456695556640625,-0.0456695556640625,-0.0456695556640625,0.4543304443359375,0.4543304443359375,0.5168304443359375,0.5168304443359375,0.5637054443359375,0.5637054443359375,0.5637054443359375,0.5637054443359375,0.5637054443359375,1.1262054443359375,1.1262054443359375,0.2512054443359375,0.2512054443359375,0.2512054443359375,0.2512054443359375,0.2512054443359375,0.2512054443359375,0.2512054443359375
5.312596797943115,4.840351581573486,4.621948719024658,4.550333499908447,3.975348711013794,3.7572309970855713,3.405604362487793,3.080658197402954,1.8908312320709229,1.5217812061309814,1.275465965270996,0.7960264682769775,-0.014478241093456745,-0.15072497725486755,-0.2950829565525055,-0.7675471305847168,-1.0653460025787354,-1.1749428510665894,-1.1296930313110352,-5.717907905578613,-1.0612945556640625,-1.0612945556640625,-0.1862945556640625,-0.1862945556640625,-0.0456695556640625,-0.0456695556640625,0.4543304443359375,0.4543304443359375,0.4543304443359375,0.5168304443359375,0.5168304443359375,0.5637054443359375,0.5637054443359375,0.5637054443359375,0.5637054443359375,1.1262054443359375,1.1262054443359375,0.2512054443359375,0.2512054443359375,0.2512054443359375,0.2512054443359375,0.2512054443359375,0.2512054443359375
5.479348659515381,4.867257118225098,4.425561904907227,4.247089385986328,3.809918165206909,3.1117846965789795,2.514484405517578,1.730790138244629,0.7838338613510132,0.19411969184875488,-0.2958718538284302,-0.7133175730705261,-1.0590907335281372,-1.3556262254714966,-1.630732536315918,-1.9808448553085327,-1.9737781286239624,-2.1366827487945557,-2.193959951400757,-4.853635311126709,-1.7019195556640625,-1.0612945556640625,-1.0612945556640625,-0.1862945556640625,-0.1862945556640625,-0.1862945556640625,-0.0456695556640625,-0.0456695556640625,0.4543304443359375,0.4543304443359375,0.5168304443359375,0.5168304443359375,0.5637054443359375,0.5637054443359375,0.5637054443359375,0.5637054443359375,0.5637054443359375,1.1262054443359375,1.1262054443359375,0.2512054443359375,0.2512054443359375,0.2512054443359375,0.2512054443359375
5.269753456115723,4.764387607574463,3.9783167839050293,3.4128990173339844,3.03482723236084,2.4894039630889893,1.6323500871658325,0.041900984942913055,-0.7229236960411072,-1.1834149360656738,-1.4422485828399658,-1.895246982574463,-2.7536585330963135,-2.869781017303467,-2.9401111602783203,-3.3938465118408203,-3.7929322719573975,-3.704312801361084,-7.241089820861816,-2.8112945556640625,-1.7019195556640625,-1.7019195556640625,-1.7019195556640625,-1.0612945556640625,-1.0612945556640625,-0.1862945556640625,-0.1862945556640625,-0.0456695556640625,-0.0456695556640625,-0.0456695556640625,0.4543304443359375,0.4543304443359375,0.5168304443359375,0.5168304443359375,0.5637054443359375,0.5637054443359375,0.5637054443359375,0.5637054443359375,1.1262054443359375,1.1262054443359375,0.2512054443359375,0.2512054443359375,0.2512054443359375
4.300497531890869,3.8149070739746094,3.2759649753570557,2.5569777488708496,1.682298183441162,1.0262919664382935,0.1280069351196289,-1.2428127527236938,-2.163367748260498,-3.0321710109710693,-3.3462064266204834,-3.5263800621032715,-4.172211647033691,-4.56080436706543,-4.89920711517334,-4.9988932609558105,-5.279430866241455,-5.381366729736328,-5.706836700439453,-4.9831695556640625,-2.8112945556640625,-2.8112945556640625,-1.7019195556640625,-1.7019195556640625,-1.0612945556640625,-1.0612945556640625,-1.0612945556640625,-0.1862945556640625,-0.1862945556640625,-0.0456695556640625,-0.0456695556640625,0.4543304443359375,0.4543304443359375,0.5168304443359375,0.5168304443359375,0.5168304443359375,0.5637054443359375,0.5637054443359375,0.5637054443359375,0.5637054443359375,1.1262054443359375,1.1262054443359375,0.2512054443359375
3.5670385360717773,2.9153103828430176,2.327357530593872,1.5716733932495117,0.79099440574646,0.030853744596242905,-1.2089028358459473,-2.56803035736084,-3.2612571716308594,-3.9150257110595703,-4.617683410644531,-5.465596675872803,-5.632749080657959,-5.778161525726318,-6.6336669921875,-7.019911766052246,-6.8981194496154785,-7.674648761749268,-6.2956695556640625,-4.9831695556640625,-4.9831695556640625,-2.8112945556640625,-2.8112945556640625,-2.8112945556640625,-1.7019195556640625,-1.7019195556640625,-1.0612945556640625,-1.0612945556640625,-1.0612945556640625,-0.1862945556640625,-0.1862945556640625,-0.0456695556640625,-0.0456695556640625,0.4543304443359375,0.4543304443359375,0.5168304443359375,0.5168304443359375,0.5637054443359375,0.5637054443359375,0.5637054443359375,0.5637054443359375,1.1262054443359375,1.1262054443359375
