lessons/derecho-2022/jet/velocity/narr_jet_500mb_20220512_1200z_NA_leaflet_velocity.json
{"header": {"parameterCategory": 2, "parameterNumber": 2, "parameterNumberName": "u-wind 500mb", "parameterUnit": "m/s", "nx": 141, "ny": 81, "lo1": -130.0, "la1": 60.0, "dx": 0.5, "dy": 0.5, "refTime": "2022-05-12T12:00:00", "gridUnits": "degrees"}, "data":
[rows 19 to 37 of 81, columns 86 to 128 of 141]
6.405261039733887,7.464449405670166,8.42912769317627,9.289166450500488,10.021440505981445,10.302825927734375,12.709075927734375,12.474700927734375,12.474700927734375,13.552825927734375,13.552825927734375,13.396575927734375,13.396575927734375,13.490325927734375,13.490325927734375,14.927825927734375,14.927825927734375,14.380950927734375,14.709075927734375,14.709075927734375,16.224700927734375,16.224700927734375,16.584075927734375,16.584075927734375,16.162200927734375,17.318450927734375,17.318450927734375,17.318450927734375,17.318450927734375,17.318450927734375,17.318450927734375,17.318450927734375,17.318450927734375,17.318450927734375,17.318450927734375,17.318450927734375,17.318450927734375,17.318450927734375,17.318450927734375,17.318450927734375,17.318450927734375,17.318450927734375,17.318450927734375
4.5498175621032715,5.89162540435791,7.12230920791626,7.990133285522461,8.786920547485352,9.570110321044922,10.97807502746582,11.723065376281738,12.000750541687012,13.056584358215332,13.552825927734375,13.396575927734375,13.396575927734375,13.490325927734375,14.927825927734375,14.927825927734375,14.380950927734375,14.380950927734375,14.709075927734375,14.709075927734375,16.224700927734375,16.224700927734375,16.584075927734375,16.162200927734375,16.162200927734375,17.318450927734375,17.318450927734375,17.318450927734375,17.318450927734375,17.318450927734375,17.318450927734375,17.318450927734375,17.318450927734375,17.318450927734375,17.318450927734375,17.318450927734375,17.318450927734375,17.318450927734375,17.318450927734375,17.318450927734375,17.318450927734375,17.318450927734375,17.318450927734375
5.193932056427002,6.142827987670898,7.013841152191162,8.233695983886719,9.00589370727539,9.589040756225586,9.960172653198242,10.517879486083984,10.574309349060059,10.95615005493164,12.078850746154785,12.515954971313477,12.867481231689453,13.249698638916016,14.927825927734375,14.927825927734375,14.380950927734375,14.380950927734375,14.709075927734375,14.709075927734375,16.224700927734375,16.584075927734375,16.584075927734375,16.162200927734375,16.162200927734375,17.318450927734375,17.318450927734375,17.318450927734375,17.318450927734375,17.318450927734375,17.318450927734375,17.318450927734375,17.318450927734375,17.318450927734375,17.318450927734375,17.318450927734375,17.318450927734375,17.318450927734375,17.318450927734375,17.318450927734375,17.318450927734375,17.318450927734375,17.318450927734375
8.288201332092285,8.816452026367188,9.663640022277832,10.471866607666016,10.647668838500977,10.634736061096191,10.55151081085205,10.622455596923828,10.664041519165039,10.679234504699707,11.022186279296875,11.612324714660645,11.690814971923828,11.873529434204102,12.524465560913086,13.661628723144531,13.820901870727539,14.316594123840332,14.709075927734375,16.224700927734375,16.224700927734375,16.584075927734375,16.584075927734375,16.162200927734375,16.162200927734375,17.318450927734375,17.318450927734375,17.318450927734375,17.318450927734375,17.318450927734375,17.318450927734375,17.318450927734375,17.318450927734375,17.318450927734375,17.318450927734375,17.318450927734375,17.318450927734375,17.318450927734375,17.318450927734375,17.318450927734375,17.318450927734375,17.318450927734375,17.318450927734375
16.29051971435547,15.372910499572754,14.2308988571167,13.564537048339844,13.196378707885742,11.930039405822754,11.457694053649902,10.953368186950684,10.696773529052734,10.601186752319336,10.623644828796387,11.003044128417969,11.390218734741211,11.33742904663086,11.341583251953125,11.808511734008789,12.557829856872559,13.084440231323242,13.357131004333496,14.241374969482422,15.655531883239746,16.402429580688477,16.584075927734375,16.162200927734375,17.318450927734375,17.318450927734375,17.318450927734375,17.318450927734375,17.318450927734375,17.318450927734375,17.318450927734375,17.318450927734375,17.318450927734375,17.318450927734375,17.318450927734375,17.318450927734375,17.318450927734375,17.318450927734375,17.318450927734375,17.318450927734375,17.318450927734375,17.318450927734375,17.318450927734375
19.546371459960938,18.371662139892578,17.541711807250977,15.842094421386719,14.876107215881348,12.878277778625488,11.449604034423828,10.87494945526123,10.627097129821777,10.516154289245605,10.362213134765625,10.182904243469238,10.477192878723145,10.625795364379883,10.59711742401123,10.492218017578125,11.028915405273438,11.622482299804688,12.041399002075195,12.30751895904541,13.521417617797852,14.55208683013916,15.183941841125488,15.563271522521973,16.733610153198242,17.318450927734375,17.318450927734375,17.318450927734375,17.318450927734375,17.318450927734375,17.318450927734375,17.318450927734375,17.318450927734375,17.318450927734375,17.318450927734375,17.318450927734375,17.318450927734375,17.318450927734375,17.318450927734375,17.318450927734375,17.318450927734375,17.318450927734375,17.318450927734375
21.1146297454834,20.551393508911133,18.34418487548828,16.3208065032959,14.373921394348145,12.424888610839844,11.425313949584961,10.79996109008789,10.668940544128418,10.37531852722168,10.23602294921875,10.031201362609863,9.883461952209473,9.672529220581055,9.687386512756348,9.780715942382812,9.96483325958252,10.313302040100098,10.745386123657227,11.291065216064453,11.990033149719238,12.921581268310547,13.546032905578613,14.1510648727417,14.646575927734375,17.318450927734375,17.318450927734375,17.318450927734375,17.318450927734375,17.318450927734375,17.318450927734375,17.318450927734375,17.318450927734375,17.318450927734375,17.318450927734375,17.318450927734375,17.318450927734375,17.318450927734375,17.318450927734375,17.318450927734375,17.318450927734375,17.318450927734375,17.318450927734375
21.37755584716797,21.28322410583496,18.743223190307617,16.092226028442383,14.022095680236816,12.237088203430176,11.142827033996582,10.58902645111084,10.694851875305176,10.417150497436523,9.967992782592773,9.57003402709961,9.3875150680542,8.954805374145508,8.614022254943848,8.622170448303223,8.809907913208008,9.111105918884277,9.608004570007324,10.085025787353516,10.5744047164917,11.320648193359375,11.858418464660645,12.131547927856445,12.099700927734375,14.646575927734375,14.646575927734375,17.318450927734375,17.318450927734375,17.318450927734375,17.318450927734375,17.318450927734375,17.318450927734375,17.318450927734375,17.318450927734375,17.318450927734375,17.318450927734375,17.318450927734375,17.318450927734375,17.318450927734375,17.318450927734375,17.318450927734375,17.318450927734375
20.695585250854492,19.855846405029297,16.92216682434082,14.56424331665039,12.729543685913086,11.89293098449707,10.727450370788574,10.212137222290039,9.845019340515137,9.67993450164795,9.323567390441895,8.972752571105957,8.433553695678711,8.238808631896973,7.90017557144165,7.730180740356445,7.584716320037842,7.805618762969971,8.652251243591309,8.880391120910645,8.919330596923828,9.343241691589355,10.324559211730957,10.302825927734375,12.099700927734375,12.099700927734375,14.646575927734375,14.646575927734375,17.318450927734375,17.318450927734375,17.318450927734375,17.318450927734375,17.318450927734375,17.318450927734375,17.318450927734375,17.318450927734375,17.318450927734375,17.318450927734375,17.318450927734375,17.318450927734375,17.318450927734375,17.318450927734375,17.318450927734375
19.631027221679688,17.231592178344727,14.805502891540527,13.738981246948242,11.914633750915527,10.8595609664917,10.352261543273926,9.94664478302002,8.910212516784668,8.287553787231445,8.038052558898926,7.922767162322998,7.106086730957031,6.623251438140869,6.554823398590088,6.6629319190979,6.445846080780029,6.482593059539795,6.940136909484863,7.28861141204834,7.023834705352783,6.865863800048828,9.410079002380371,10.302825927734375,10.302825927734375,12.099700927734375,12.099700927734375,12.099700927734375,14.646575927734375,14.646575927734375,17.318450927734375,17.318450927734375,17.318450927734375,17.318450927734375,17.318450927734375,17.318450927734375,17.318450927734375,17.318450927734375,17.318450927734375,17.318450927734375,17.318450927734375,17.318450927734375,17.318450927734375
19.591140747070312,15.604522705078125,13.342164039611816,12.382238388061523,11.445897102355957,9.913272857666016,9.071001052856445,8.499804496765137,7.734954357147217,6.847497940063477,6.379901885986328,5.9975714683532715,5.676755905151367,5.376678943634033,5.163464546203613,5.2022905349731445,5.300065994262695,5.2339019775390625,5.199609279632568,5.352609634399414,5.1574296951293945,4.918486595153809,6.459075927734375,6.459075927734375,6.459075927734375,10.302825927734375,10.302825927734375,12.099700927734375,12.099700927734375,14.646575927734375,14.646575927734375,17.318450927734375,17.318450927734375,17.318450927734375,17.318450927734375,17.318450927734375,17.318450927734375,17.318450927734375,17.318450927734375,17.318450927734375,17.318450927734375,17.318450927734375,17.318450927734375
16.20030975341797,14.338286399841309,12.269140243530273,11.178775787353516,10.198457717895508,9.201967239379883,7.985912322998047,7.265853404998779,6.43273401260376,5.486580848693848,5.177250385284424,4.721793174743652,4.162951469421387,3.798269748687744,3.8197686672210693,3.899256944656372,3.2774293422698975,3.212312698364258,3.2061398029327393,3.11613392829895,1.764548659324646,9.090858459472656,4.459075927734375,4.459075927734375,6.459075927734375,6.459075927734375,10.302825927734375,10.302825927734375,12.099700927734375,12.099700927734375,12.099700927734375,14.646575927734375,14.646575927734375,17.318450927734375,17.318450927734375,17.318450927734375,17.318450927734375,17.318450927734375,17.318450927734375,17.318450927734375,17.318450927734375,17.318450927734375,17.318450927734375
14.132896423339844,12.736309051513672,11.3226900100708,9.977079391479492,9.142393112182617,7.458463191986084,6.18874979019165,5.663622856140137,5.200005054473877,3.7001869678497314,3.0629844665527344,2.8095169067382812,2.4867451190948486,1.7929922342300415,1.5626161098480225,1.4907033443450928,1.1761469841003418,0.7097559571266174,0.2926338315010071,-0.10245237499475479,-0.047642309218645096,0.599700927734375,0.599700927734375,4.459075927734375,4.459075927734375,6.459075927734375,6.459075927734375,6.459075927734375,10.302825927734375,10.302825927734375,12.099700927734375,12.099700927734375,14.646575927734375,14.646575927734375,17.318450927734375,17.318450927734375,17.318450927734375,17.318450927734375,17.318450927734375,17.318450927734375,17.318450927734375,17.318450927734375,17.318450927734375
11.812761306762695,11.210186004638672,9.64659309387207,7.6812639236450195,6.3170084953308105,5.657886028289795,4.5647292137146,3.828996419906616,3.109835386276245,2.4451775550842285,1.6184542179107666,0.7748698592185974,0.3285311162471771,0.2148914784193039,-0.07934587448835373,-1.5427424907684326,-1.5801022052764893,-1.6348309516906738,-2.539670705795288,-3.919605016708374,8.127927780151367,-1.587799072265625,0.599700927734375,0.599700927734375,0.599700927734375,4.459075927734375,4.459075927734375,6.459075927734375,6.459075927734375,10.302825927734375,10.302825927734375,12.099700927734375,12.099700927734375,12.099700927734375,14.646575927734375,14.646575927734375,17.318450927734375,17.318450927734375,17.318450927734375,17.318450927734375,17.318450927734375,17.318450927734375,17.318450927734375
9.159073829650879,8.574406623840332,8.27522087097168,7.307058334350586,4.5681071281433105,3.2630560398101807,3.077092409133911,2.6470627784729004,1.2403568029403687,0.6026864647865295,0.022153813391923904,-0.9109002351760864,-2.157043218612671,-2.547056198120117,-2.7969887256622314,-3.8901302814483643,-4.78452205657959,-5.309047222137451,-5.42855978012085,-2.9245920181274414,-5.697174072265625,-5.697174072265625,-1.587799072265625,-1.587799072265625,0.599700927734375,0.599700927734375,4.459075927734375,4.459075927734375,4.459075927734375,6.459075927734375,6.459075927734375,10.302825927734375,10.302825927734375,12.099700927734375,12.099700927734375,14.646575927734375,14.646575927734375,17.318450927734375,17.318450927734375,17.318450927734375,17.318450927734375,17.318450927734375,17.318450927734375
6.870090007781982,5.30858039855957,4.825207233428955,4.427863121032715,3.6068270206451416,1.4607115983963013,1.1045899391174316,0.6105164885520935,-0.3005237281322479,-1.1270729303359985,-1.9115713834762573,-2.788264274597168,-3.610585927963257,-4.333900451660156,-5.163722038269043,-6.193587779998779,-6.731074810028076,-7.346517562866211,-7.991421699523926,6.91795015335083,-7.447174072265625,-5.697174072265625,-5.697174072265625,-1.587799072265625,-1.587799072265625,-1.587799072265625,0.599700927734375,0.599700927734375,4.459075927734375,4.459075927734375,6.459075927734375,6.459075927734375,10.302825927734375,10.302825927734375,10.302825927734375,12.099700927734375,12.099700927734375,14.646575927734375,14.646575927734375,17.318450927734375,17.318450927734375,17.318450927734375,17.318450927734375
4.293731212615967,3.665891647338867,2.9945080280303955,2.1317825317382812,1.4782198667526245,0.7824958562850952,-0.10794523358345032,-1.874500036239624,-2.5440073013305664,-3.0862059593200684,-3.548903226852417,-4.454080104827881,-6.282868385314941,-6.598665237426758,-7.074949741363525,-8.204757690429688,-9.307415962219238,-9.703085899353027,-3.0550003051757812,-8.869049072265625,-7.447174072265625,-7.447174072265625,-7.447174072265625,-5.697174072265625,-5.697174072265625,-1.587799072265625,-1.587799072265625,0.599700927734375,0.599700927734375,0.599700927734375,4.459075927734375,4.459075927734375,6.459075927734375,6.459075927734375,10.302825927734375,10.302825927734375,12.099700927734375,12.099700927734375,14.646575927734375,14.646575927734375,17.318450927734375,17.318450927734375,17.318450927734375
2.4589157104492188,2.043846845626831,1.6108522415161133,0.9674605131149292,-0.0012866704491898417,-0.8485503792762756,-1.9813048839569092,-3.6062381267547607,-4.770691871643066,-5.943869590759277,-6.609414100646973,-7.01226282119751,-8.405549049377441,-9.108118057250977,-9.77688980102539,-10.092265129089355,-11.185871124267578,-11.929397583007812,5.59194278717041,-11.556549072265625,-8.869049072265625,-8.869049072265625,-7.447174072265625,-7.447174072265625,-5.697174072265625,-5.697174072265625,-5.697174072265625,-1.587799072265625,-1.587799072265625,0.599700927734375,0.599700927734375,4.459075927734375,4.459075927734375,6.459075927734375,6.459075927734375,6.459075927734375,10.302825927734375,10.302825927734375,12.099700927734375,12.099700927734375,14.646575927734375,14.646575927734375,17.318450927734375
1.15281343460083,0.6606389284133911,0.28414031863212585,-0.2546975612640381,-1.0659947395324707,-2.0277624130249023,-3.7102580070495605,-5.359494686126709,-6.29209041595459,-7.241121768951416,-8.326841354370117,-9.623677253723145,-10.139578819274902,-10.580747604370117,-12.041659355163574,-12.846445083618164,-13.238410949707031,-2.9848177433013916,-12.822174072265625,-11.556549072265625,-11.556549072265625,-8.869049072265625,-8.869049072265625,-8.869049072265625,-7.447174072265625,-7.447174072265625,-5.697174072265625,-5.697174072265625,-5.697174072265625,-1.587799072265625,-1.587799072265625,0.599700927734375,0.599700927734375,4.459075927734375,4.459075927734375,6.459075927734375,6.459075927734375,10.302825927734375,10.302825927734375,12.099700927734375,12.099700927734375,14.646575927734375,14.646575927734375
