lessons/derecho-2022-demo/winds/surface/narr_10m_20220512_1800z_NA_leaflet_velocity.json
{"header": {"nx": 141, "ny": 81, "lo1": -130.0, "la1": 60.0, "dx": 0.5, "dy": 0.5, "refTime": "2022-05-12T18:00:00", "gridUnits": "degrees", "parameterCategory": 2, "parameterUnit": "m/s", "parameterNumber": 2, "parameterNumberName": "u-wind 10m"}, "data":
[rows 38 to 56 of 81, columns 0 to 42 of 141]
4.188531875610352,4.567275047302246,4.985004425048828,5.415728569030762,5.846452713012695,6.277176856994629,6.1492533683776855,6.0213303565979,5.893406867980957,5.598309516906738,4.801690578460693,4.005072116851807,3.2084529399871826,2.6785008907318115,2.415215492248535,2.151930093765259,1.8886445760726929,2.2967369556427,2.928622007369995,3.56050705909729,4.192391872406006,4.665629863739014,5.138867378234863,5.612104892730713,5.906525611877441,5.664496898651123,5.422468185424805,5.180439472198486,4.8405351638793945,4.4027557373046875,3.9649760723114014,3.5271964073181152,3.186373710632324,2.8778698444366455,2.569365978240967,2.260862112045288,2.1302337646484375,1.999605417251587,1.8689770698547363,1.9178415536880493,2.5051844120025635,3.092527389526367,3.679870367050171
5.079166889190674,5.363964557647705,5.707734107971191,6.071160793304443,6.434587478637695,6.798014163970947,6.639385223388672,6.480755805969238,6.322126388549805,6.00789737701416,5.226869583129883,4.445841312408447,3.664813280105591,3.1283178329467773,2.836355209350586,2.5443925857543945,2.252429962158203,2.5361216068267822,3.011697769165039,3.487273931503296,3.962850332260132,4.50609016418457,5.049330234527588,5.592569828033447,5.928933143615723,5.644665241241455,5.3603973388671875,5.076128959655762,4.67254638671875,4.149649620056152,3.6267521381378174,3.1038551330566406,2.723644733428955,2.3909966945648193,2.0583488941192627,1.7257007360458374,1.66825532913208,1.6108099222183228,1.5533643960952759,1.6411370038986206,2.1645638942718506,2.687990665435791,3.2114174365997314
6.015449047088623,6.202242851257324,6.469009876251221,6.762434005737305,7.055858612060547,7.349282741546631,7.162652492523193,6.976022243499756,6.789391994476318,6.459412574768066,5.699385166168213,4.939358234405518,4.179330825805664,3.6393353939056396,3.3193717002868652,2.99940824508667,2.6794445514678955,2.8196310997009277,3.113201379776001,3.406771421432495,3.7003414630889893,4.313583850860596,4.926826000213623,5.54006814956665,5.916682720184326,5.583413124084473,5.250143527984619,4.916873931884766,4.450289249420166,3.850389242172241,3.2504894733428955,2.65058970451355,2.240628480911255,1.8939799070358276,1.54733145236969,1.2006829977035522,1.2272403240203857,1.2537977695465088,1.2803552150726318,1.4136292934417725,1.867053747177124,2.3204782009124756,2.773902416229248
6.951730728149414,7.040521621704102,7.23028564453125,7.453707695007324,7.67712926864624,7.9005513191223145,7.685920238494873,7.471289157867432,7.25665807723999,6.910927772521973,6.171901226043701,5.43287467956543,4.693848133087158,4.150352478027344,3.8023881912231445,3.454423666000366,3.106459140777588,3.1031408309936523,3.214704751968384,3.3262686729431152,3.4378325939178467,4.121077060699463,4.804321765899658,5.4875664710998535,5.90443229675293,5.52216100692749,5.139889717102051,4.757618427276611,4.228031635284424,3.551129102706909,2.8742268085479736,2.197324275970459,1.7576119899749756,1.396963119506836,1.0363141298294067,0.6756651997566223,0.786225438117981,0.8967856764793396,1.0073459148406982,1.1861215829849243,1.5695436000823975,1.9529656171798706,2.3363876342773438
7.8230299949646,7.818424224853516,7.934311389923096,8.090363502502441,8.246415138244629,8.402466773986816,8.163783073425293,7.9250993728637695,7.686415195465088,7.328718662261963,6.613982677459717,5.899246692657471,5.184510707855225,4.639488697052002,4.264181613922119,3.8888742923736572,3.5135669708251953,3.386155605316162,3.341376304626465,3.2965967655181885,3.251817464828491,3.982034206390381,4.712250709533691,5.44246768951416,5.882969856262207,5.454329013824463,5.025688648223877,4.597047805786133,4.01005220413208,3.2647016048431396,2.51935076713562,1.7740001678466797,1.3130910396575928,0.9469956755638123,0.5809003114700317,0.21480496227741241,0.40739360451698303,0.5999822616577148,0.7925708889961243,1.0165188312530518,1.3345448970794678,1.6525708436965942,1.9705967903137207
8.068025588989258,8.014420509338379,8.08655834197998,8.200611114501953,8.314663887023926,8.428716659545898,8.204032897949219,7.979348182678223,7.754663944244385,7.421466827392578,6.762729644775391,6.103992462158203,5.445255279541016,4.917733192443848,4.521426200866699,4.125119209289551,3.7288124561309814,3.6643998622894287,3.710618734359741,3.7568376064300537,3.803056478500366,4.3582763671875,4.913496971130371,5.468717098236084,5.772722244262695,5.323081970214844,4.873441696166992,4.423801422119141,3.833305835723877,3.101954936981201,2.3706037998199463,1.6392529010772705,1.2395925521850586,0.9504956007003784,0.661398708820343,0.37230178713798523,0.6278891563415527,0.8834765553474426,1.1390639543533325,1.4050110578536987,1.7020374536514282,1.9990638494491577,2.2960903644561768
8.313019752502441,8.210415840148926,8.238805770874023,8.310858726501465,8.382912635803223,8.45496654510498,8.244281768798828,8.033596992492676,7.822912693023682,7.514214992523193,6.9114766120910645,6.3087382316589355,5.705999851226807,5.195977687835693,4.7786712646484375,4.361364364624023,3.9440581798553467,3.9426441192626953,4.079861164093018,4.21707820892334,4.354295253753662,4.734519004821777,5.114742755889893,5.494966506958008,5.662474155426025,5.191834449768066,4.721194744110107,4.250555038452148,3.656559467315674,2.9392080307006836,2.2218568325042725,1.5045056343078613,1.1660939455032349,0.9539955258369446,0.7418970465660095,0.5297986268997192,0.8483847379684448,1.1669708490371704,1.485556960105896,1.7935032844543457,2.0695300102233887,2.3455569744110107,2.6215837001800537
8.558014869689941,8.406412124633789,8.39105224609375,8.421106338500977,8.45116138458252,8.481215476989746,8.284530639648438,8.087845802307129,7.8911614418029785,7.606963157653809,7.060223579406738,6.513484001159668,5.966744899749756,5.474222183227539,5.035915851593018,4.597609519958496,4.159303665161133,4.220888614654541,4.449103832244873,4.677319049835205,4.905534267425537,5.1107611656188965,5.315988540649414,5.521215915679932,5.552226543426514,5.060586929321289,4.568947792053223,4.077308177947998,3.4798128604888916,2.776461362838745,2.0731098651885986,1.3697583675384521,1.0925954580307007,0.9574954509735107,0.8223954439163208,0.6872954368591309,1.068880319595337,1.4504650831222534,1.8320499658584595,2.181995391845703,2.4370226860046387,2.692049980163574,2.9470772743225098
8.616369247436523,8.427712440490723,8.373082160949707,8.363127708435059,8.35317325592041,8.343218803405762,8.160533905029297,7.977849006652832,7.795164108276367,7.538949966430664,7.062146186828613,6.5853424072265625,6.10853910446167,5.660392761230469,5.240904331207275,4.821415424346924,4.4019269943237305,4.496150493621826,4.7616119384765625,5.027073383331299,5.292534351348877,5.358598232269287,5.424662113189697,5.490725994110107,5.419082164764404,4.934315204620361,4.44954776763916,3.964780807495117,3.3856849670410156,2.7122604846954346,2.0388357639312744,1.3654111623764038,1.141534447669983,1.067507028579712,0.9934795498847961,0.9194521307945251,1.332182765007019,1.7449133396148682,2.157644033432007,2.523210287094116,2.7472832202911377,2.971356153488159,3.1954293251037598
8.205106735229492,8.009449005126953,7.926817893981934,7.881862163543701,7.836906909942627,7.7919511795043945,7.62326717376709,7.454582691192627,7.285898208618164,7.066434860229492,6.694634437561035,6.322834014892578,5.951033592224121,5.614891052246094,5.314406394958496,5.013921737670898,4.713437080383301,4.763909339904785,4.93136739730835,5.098825454711914,5.2662835121154785,5.283345699310303,5.300407886505127,5.317470550537109,5.228325843811035,4.820561408996582,4.412796974182129,4.005032062530518,3.499438524246216,2.8960161209106445,2.2925939559936523,1.6891714334487915,1.49854576587677,1.4455190896987915,1.3924922943115234,1.3394654989242554,1.7031946182250977,2.0669236183166504,2.430652618408203,2.745467185974121,2.9135384559631348,3.0816097259521484,3.249680995941162
7.7938432693481445,7.591185569763184,7.48055362701416,7.400597095489502,7.320640563964844,7.2406840324401855,7.085999965667725,6.931315898895264,6.776631832122803,6.59391975402832,6.327122688293457,6.060325622558594,5.7935285568237305,5.569389820098877,5.387908935546875,5.206428050994873,5.024946689605713,5.031667709350586,5.101122856140137,5.170577526092529,5.24003267288208,5.208093166351318,5.176154136657715,5.144215106964111,5.037569999694824,4.706807613372803,4.3760457038879395,4.045283317565918,3.613192319869995,3.0797719955444336,2.546351909637451,2.0129318237304688,1.8555572032928467,1.823531150817871,1.7915050983428955,1.7594789266586304,2.0742063522338867,2.3889338970184326,2.7036614418029785,2.967724323272705,3.079793691635132,3.1918632984161377,3.3039326667785645
7.382580280303955,7.172922134399414,7.034289360046387,6.9193315505981445,6.8043742179870605,6.689416408538818,6.548732757568359,6.4080491065979,6.267365455627441,6.121404647827148,5.959610939025879,5.797817230224609,5.63602352142334,5.523888111114502,5.461410999298096,5.3989338874816895,5.336456775665283,5.299426555633545,5.270877838134766,5.2423295974731445,5.213781356811523,5.132841110229492,5.051900386810303,4.970959663391113,4.846814155578613,4.593054294586182,4.33929443359375,4.085534572601318,3.7269458770751953,3.2635278701782227,2.800110101699829,2.3366920948028564,2.212568521499634,2.201543092727661,2.1905179023742676,2.179492473602295,2.445218324661255,2.710944175720215,2.976670026779175,3.18998122215271,3.246049165725708,3.302116870880127,3.358184576034546
6.771810531616211,6.565127849578857,6.408469200134277,6.2684855461120605,6.128502368927002,5.988518714904785,5.861835479736328,5.735152244567871,5.608469486236572,5.494271755218506,5.4175310134887695,5.340790271759033,5.264049530029297,5.2472920417785645,5.290518760681152,5.333745002746582,5.376971244812012,5.3601975440979,5.323423862457275,5.28665018081665,5.249876499176025,5.1398844718933105,5.029892921447754,4.919901371002197,4.783242702484131,4.566584587097168,4.349925994873047,4.133267402648926,3.823242664337158,3.419851779937744,3.01646089553833,2.613070011138916,2.524691343307495,2.5413169860839844,2.5579423904418945,2.574568033218384,2.784641981124878,2.994715929031372,3.2047901153564453,3.364856004714966,3.374897003173828,3.3849382400512695,3.394979476928711
5.940532684326172,5.747849941253662,5.58419132232666,5.430207252502441,5.276223182678223,5.122239112854004,5.009556770324707,4.896873950958252,4.784191131591797,4.696244716644287,4.682506084442139,4.66876745223999,4.655028820037842,4.715274333953857,4.849503517150879,4.983733177185059,5.11796236038208,5.1921916007995605,5.2464213371276855,5.300650596618652,5.354879856109619,5.237887859344482,5.120895862579346,5.003903865814209,4.860245227813721,4.636586666107178,4.412928104400635,4.189269542694092,3.900245428085327,3.54585599899292,3.191466808319092,2.8370776176452637,2.7872002124786377,2.838826894760132,2.890453577041626,2.94208025932312,3.0891523361206055,3.2362241744995117,3.383296012878418,3.4873600006103516,3.462399959564209,3.4374401569366455,3.412480115890503
5.109254360198975,4.930572509765625,4.759913444519043,4.591928958892822,4.423944473266602,4.255959987640381,4.157277584075928,4.058595657348633,3.959913492202759,3.8982176780700684,3.947481155395508,3.9967446327209473,4.046008110046387,4.183256149291992,4.408488750457764,4.633721351623535,4.858953475952148,5.024186134338379,5.169418811798096,5.314651012420654,5.459883689880371,5.335891246795654,5.211899280548096,5.087906837463379,4.937248229980469,4.706589221954346,4.475930213928223,4.2452712059021,3.977247953414917,3.6718602180480957,3.3664727210998535,3.0610849857330322,3.0497090816497803,3.1363370418548584,3.2229647636413574,3.3095927238464355,3.393662452697754,3.4777324199676514,3.5618021488189697,3.6098642349243164,3.54990291595459,3.4899418354034424,3.429980754852295
4.2779765129089355,4.11329460144043,3.935635566711426,3.753650426864624,3.5716655254364014,3.3896806240081787,3.3049988746643066,3.2203171253204346,3.1356353759765625,3.1001906394958496,3.212456226348877,3.3247218132019043,3.4369876384735107,3.651238203048706,3.9674737453460693,4.2837090492248535,4.599945068359375,4.856180191040039,5.092415809631348,5.328651428222656,5.564887046813965,5.433894634246826,5.3029022216796875,5.171909809112549,5.014250755310059,4.7765913009643555,4.5389323234558105,4.301272869110107,4.054250240325928,3.7978644371032715,3.5414786338806152,3.28509259223938,3.312217950820923,3.433846950531006,3.555476188659668,3.677105188369751,3.6981728076934814,3.719240427017212,3.7403082847595215,3.7323684692382812,3.63740611076355,3.5424437522888184,3.447481393814087
3.219554901123047,3.0828518867492676,2.9261486530303955,2.7627787590026855,2.5994091033935547,2.4360392093658447,2.37933611869812,2.3226330280303955,2.265929698944092,2.264889717102051,2.4308385848999023,2.596787452697754,2.7627365589141846,3.040011405944824,3.428612470626831,3.817213535308838,4.205814838409424,4.537909984588623,4.851170539855957,5.164431095123291,5.477691173553467,5.362995624542236,5.248299598693848,5.133604049682617,4.991076469421387,4.765054702758789,4.539032459259033,4.3130106925964355,4.082329750061035,3.8469889163970947,3.6116483211517334,3.376307725906372,3.413978099822998,3.542652130126953,3.671325922012329,3.799999952316284,3.8419342041015625,3.88386869430542,3.9258029460906982,3.9375762939453125,3.858865737915039,3.7801554203033447,3.7014451026916504
2.0470175743103027,1.9453155994415283,1.8236135244369507,1.6952447891235352,1.5668761730194092,1.4385074377059937,1.416805386543274,1.3951034545898438,1.373401403427124,1.4108624458312988,1.6258130073547363,1.8407634496688843,2.0557138919830322,2.388990640640259,2.8405938148498535,3.2921969890594482,3.743799924850464,4.144147872924805,4.527410507202148,4.910673141479492,5.293935775756836,5.207240581512451,5.120545864105225,5.03385066986084,4.917574405670166,4.712553024291992,4.507531642913818,4.3025102615356445,4.085829734802246,3.8574893474578857,3.6291489601135254,3.400808572769165,3.434978723526001,3.556652545928955,3.67832612991333,3.799999952316284,3.9049363136291504,4.0098724365234375,4.114809036254883,4.184333801269531,4.147624969482422,4.1109161376953125,4.074206829071045
0.8744801878929138,0.8077793121337891,0.7210783958435059,0.6277108192443848,0.5343432426452637,0.44097569584846497,0.4542747735977173,0.4675738513469696,0.4808729588985443,0.5568352937698364,0.8207873702049255,1.0847394466400146,1.348691463470459,1.737969994544983,2.252575159072876,2.7671802043914795,3.281785249710083,3.750385284423828,4.203649997711182,4.656914710998535,5.110179901123047,5.051485538482666,4.992791652679443,4.934097766876221,4.844071865081787,4.660051345825195,4.4760308265686035,4.292010307312012,4.089329719543457,3.8679895401000977,3.6466495990753174,3.425309419631958,3.455979585647583,3.570652961730957,3.68532657623291,3.799999952316284,3.967938184738159,4.135876655578613,4.303814888000488,4.431091785430908,4.436384201049805,4.441676616668701,4.446969032287598
