lessons/derecho-2022-demo/winds/surface/narr_10m_20220512_1800z_NA_leaflet_velocity.json
{"header": {"nx": 141, "ny": 81, "lo1": -130.0, "la1": 60.0, "dx": 0.5, "dy": 0.5, "refTime": "2022-05-12T18:00:00", "gridUnits": "degrees", "parameterCategory": 2, "parameterUnit": "m/s", "parameterNumber": 3, "parameterNumberName": "v-wind 10m"}, "data":
[rows 19 to 37 of 81, columns 43 to 85 of 141]
-1.5251061916351318,-1.8430229425430298,-2.1609396934509277,-2.4788565635681152,-2.8378148078918457,-3.210453748703003,-3.58309268951416,-3.9557318687438965,-4.273301124572754,-4.5908708572387695,-4.908440589904785,-5.179777145385742,-5.312416076660156,-5.44505500793457,-5.577693939208984,-5.578214645385742,-5.446617603302002,-5.3150200843811035,-5.183423042297363,-4.952346324920654,-4.688109874725342,-4.4238739013671875,-4.159637451171875,-3.8164429664611816,-3.4732484817504883,-3.130053758621216,-2.8462517261505127,-2.740626573562622,-2.6350014209747314,-2.52937650680542,-2.450591564178467,-2.3986470699310303,-2.3467025756835938,-2.2947580814361572,-2.4425530433654785,-2.656928062438965,-2.871302843093872,-3.0856778621673584,-3.1137332916259766,-3.141788959503174,-3.169844388961792,-3.1648268699645996,-3.0605907440185547
-2.436535596847534,-2.763188600540161,-3.089841604232788,-3.416494369506836,-3.718280553817749,-4.011777877807617,-4.305274963378906,-4.598772048950195,-4.872200965881348,-5.145629405975342,-5.419058322906494,-5.647483825683594,-5.740899085998535,-5.834314346313477,-5.927729606628418,-5.887811183929443,-5.714560031890869,-5.541308403015137,-5.368056774139404,-5.0948052406311035,-4.788220405578613,-4.481635570526123,-4.175051212310791,-3.8150782585144043,-3.455105781555176,-3.095133066177368,-2.7885074615478516,-2.6419224739074707,-2.495337724685669,-2.348752975463867,-2.2521204948425293,-2.205440044403076,-2.158759832382202,-2.112079381942749,-2.2254810333251953,-2.3922431468963623,-2.5590052604675293,-2.7257673740386963,-2.7125160694122314,-2.6992645263671875,-2.6860129833221436,-2.6377649307250977,-2.484527111053467
-3.3588149547576904,-3.6924681663513184,-4.026121139526367,-4.359774589538574,-4.600308418273926,-4.809803009033203,-5.0192975997924805,-5.228792190551758,-5.453219413757324,-5.677646636962891,-5.902073860168457,-6.083247661590576,-6.134661674499512,-6.186075687408447,-6.237489223480225,-6.155570030212402,-5.940317153930664,-5.725064277648926,-5.5098114013671875,-5.194558620452881,-4.845972537994385,-4.497386455535889,-4.148800373077393,-3.774827003479004,-3.4008538722991943,-3.0268807411193848,-2.6992545127868652,-2.5106682777404785,-2.322082281112671,-2.133496046066284,-2.0193629264831543,-1.9796829223632812,-1.9400027990341187,-1.900322675704956,-1.978723168373108,-2.0964837074279785,-2.2142443656921387,-2.332005023956299,-2.276752233505249,-2.221499443054199,-2.1662466526031494,-2.074247121810913,-1.8720077276229858
-4.281094551086426,-4.621747970581055,-4.962400913238525,-5.303054332733154,-5.482336521148682,-5.607828617095947,-5.733320236206055,-5.85881233215332,-6.034237861633301,-6.209663391113281,-6.38508939743042,-6.519011497497559,-6.528424263000488,-6.537837028503418,-6.5472493171691895,-6.423328399658203,-6.166074275970459,-5.908820152282715,-5.651566028594971,-5.2943115234375,-4.903724193572998,-4.513136863708496,-4.122549533843994,-3.7345757484436035,-3.346602201461792,-2.9586286544799805,-2.610001564025879,-2.3794140815734863,-2.1488265991210938,-1.9182392358779907,-1.7866055965423584,-1.7539256811141968,-1.7212458848953247,-1.688565969467163,-1.7319653034210205,-1.8007243871688843,-1.8694833517074585,-1.9382424354553223,-1.840988278388977,-1.7437342405319214,-1.6464800834655762,-1.510729193687439,-1.2594882249832153
-5.064203262329102,-5.400012969970703,-5.7358222007751465,-6.07163143157959,-6.192622661590576,-6.242008209228516,-6.291393280029297,-6.340778827667236,-6.468189716339111,-6.5956010818481445,-6.723012447357178,-6.809436321258545,-6.772899627685547,-6.736362934112549,-6.699825763702393,-6.5299553871154785,-6.226751804351807,-5.923548221588135,-5.620344161987305,-5.220101833343506,-4.787513256072998,-4.354924201965332,-3.922335386276245,-3.523322582244873,-3.124309539794922,-2.7252964973449707,-2.361344337463379,-2.102573871612549,-1.8438035249710083,-1.5850330591201782,-1.4428080320358276,-1.4171284437179565,-1.391448736190796,-1.3657691478729248,-1.3793492317199707,-1.4060159921646118,-1.4326826333999634,-1.4593493938446045,-1.3279900550842285,-1.1966307163238525,-1.0652713775634766,-0.8956393003463745,-0.6111891865730286
-4.999451160430908,-5.25825834274292,-5.517065048217773,-5.775872230529785,-5.856612205505371,-5.877996444702148,-5.899381160736084,-5.920765399932861,-6.0061750411987305,-6.091585159301758,-6.176994800567627,-6.214417457580566,-6.1078782081604,-6.001339435577393,-5.894800186157227,-5.654927730560303,-5.281721591949463,-4.908515930175781,-4.535309791564941,-4.086065769195557,-3.611475706100464,-3.136885643005371,-2.662295341491699,-2.270282745361328,-1.878269910812378,-1.4862571954727173,-1.1415555477142334,-0.9387868642807007,-0.7360182404518127,-0.5332496166229248,-0.422525554895401,-0.4038461446762085,-0.385166734457016,-0.3664872944355011,-0.38181746006011963,-0.4084841310977936,-0.4351508319377899,-0.46181750297546387,-0.3444586396217346,-0.22709976136684418,-0.10974088311195374,0.0336402989923954,0.2550884187221527
-4.934699535369873,-5.116503715515137,-5.298308372497559,-5.480112552642822,-5.520601272583008,-5.5139851570129395,-5.507368564605713,-5.500751972198486,-5.54416036605835,-5.587568759918213,-5.630977153778076,-5.619398593902588,-5.442857265472412,-5.266315937042236,-5.0897746086120605,-4.779899597167969,-4.336691379547119,-3.8934836387634277,-3.450275421142578,-2.9520297050476074,-2.435438394546509,-1.918846845626831,-1.4022554159164429,-1.0172429084777832,-0.6322303414344788,-0.24721786379814148,0.07823324203491211,0.22500012814998627,0.3717670142650604,0.5185338854789734,0.5977569222450256,0.6094361543655396,0.6211153268814087,0.6327944993972778,0.6157143115997314,0.5890476703643799,0.5623809695243835,0.535714328289032,0.6390727162361145,0.7424311637878418,0.8457895517349243,0.9629198908805847,1.121366024017334
-4.86994743347168,-4.9747490882873535,-5.0795512199401855,-5.184353351593018,-5.184590816497803,-5.149973392486572,-5.115355968475342,-5.080738544464111,-5.082145690917969,-5.083552837371826,-5.084959983825684,-5.024379253387451,-4.777835845947266,-4.53129243850708,-4.284748554229736,-3.904871702194214,-3.3916614055633545,-2.878451347351074,-2.365241050720215,-1.8179937601089478,-1.2594009637832642,-0.7008081674575806,-0.14221534132957458,0.2357969433069229,0.6138092279434204,0.9918215274810791,1.2980220317840576,1.3887871503829956,1.4795522689819336,1.5703173875808716,1.6180394887924194,1.6227184534072876,1.6273974180221558,1.632076382637024,1.6132460832595825,1.586579442024231,1.5599128007888794,1.5332461595535278,1.6226041316986084,1.711962103843689,1.80131995677948,1.8921995162963867,1.9876435995101929
-4.422769069671631,-4.4691386222839355,-4.51550817489624,-4.561877727508545,-4.545656681060791,-4.508572101593018,-4.471487522125244,-4.434402942657471,-4.410057544708252,-4.385712146759033,-4.361366271972656,-4.267452716827393,-3.964834451675415,-3.6622161865234375,-3.35959792137146,-2.9236462116241455,-2.354361057281494,-1.7850761413574219,-1.21579110622406,-0.6247652173042297,-0.026492340490221977,0.5717805624008179,1.170053482055664,1.5364230871200562,1.9027926921844482,2.26916241645813,2.5520501136779785,2.5844922065734863,2.616934299468994,2.649376392364502,2.655151844024658,2.634260654449463,2.6133692264556885,2.592477798461914,2.5585503578186035,2.520277500152588,2.4820046424865723,2.4437315464019775,2.516767740249634,2.589804172515869,2.6628403663635254,2.7251477241516113,2.7552685737609863
-3.2047276496887207,-3.2300965785980225,-3.255465269088745,-3.280834197998047,-3.296114206314087,-3.3080313205718994,-3.319948434829712,-3.3318655490875244,-3.3145203590393066,-3.2971749305725098,-3.279829740524292,-3.184166193008423,-2.8535468578338623,-2.5229275226593018,-2.192308187484741,-1.7283556461334229,-1.1310696601867676,-0.5337837338447571,0.063502237200737,0.6877793073654175,1.321053385734558,1.9543274641036987,2.58760142326355,2.9329702854156494,3.278339385986328,3.6237082481384277,3.8750948905944824,3.8445348739624023,3.8139748573303223,3.783414840698242,3.7261881828308105,3.6422946453094482,3.558401107788086,3.4745078086853027,3.3985788822174072,3.3253047466278076,3.252030611038208,3.1787564754486084,3.2307920455932617,3.282827615737915,3.3348629474639893,3.363919258117676,3.324037790298462
-1.9866862297058105,-1.9910544157028198,-1.995422601699829,-1.9997906684875488,-2.046571731567383,-2.1074905395507812,-2.1684093475341797,-2.229328155517578,-2.2189831733703613,-2.2086381912231445,-2.1982932090759277,-2.100879430770874,-1.74225914478302,-1.3836389780044556,-1.0250186920166016,-0.533065140247345,0.09222177416086197,0.7175086736679077,1.3427956104278564,2.00032377243042,2.6685991287231445,3.33687424659729,4.0051493644714355,4.329517841339111,4.653885841369629,4.9782538414001465,5.198139667510986,5.104577541351318,5.01101541519165,4.917453289031982,4.797224521636963,4.650328636169434,4.5034332275390625,4.356537342071533,4.238607406616211,4.130331993103027,4.022056579589844,3.9137814044952393,3.9448161125183105,3.975851058959961,4.006886005401611,4.00269079208374,3.8928070068359375
-0.7686449289321899,-0.7520123720169067,-0.7353798151016235,-0.7187472581863403,-0.797029435634613,-0.9069498777389526,-1.0168702602386475,-1.1267906427383423,-1.123445987701416,-1.1201012134552002,-1.116756558418274,-1.0175927877426147,-0.6309715509414673,-0.2443503588438034,0.14227081835269928,0.6622253656387329,1.315513253211975,1.9688011407852173,2.62208890914917,3.312868356704712,4.016144752502441,4.71942138671875,5.4226975440979,5.726065158843994,6.02943229675293,6.332799911499023,6.52118444442749,6.364620208740234,6.2080559730529785,6.051491737365723,5.868260383605957,5.658362865447998,5.448465347290039,5.238567352294922,5.0786356925964355,4.935359001159668,4.792082786560059,4.648806095123291,4.658840179443359,4.668874263763428,4.678908348083496,4.641462326049805,4.461575984954834
0.1231391429901123,0.1388392597436905,0.15453937649726868,0.17023947834968567,0.04674806445837021,-0.12314053624868393,-0.29302912950515747,-0.4629177153110504,-0.49216195940971375,-0.5214061737060547,-0.550650417804718,-0.4680141508579254,-0.049736518412828445,0.3685411214828491,0.7868187427520752,1.345740795135498,2.045307159423828,2.744873523712158,3.4444401264190674,4.151106834411621,4.860140323638916,5.569173336029053,6.278206825256348,6.549607276916504,6.821007251739502,7.0924072265625,7.243807315826416,7.035207748413086,6.826607704162598,6.618008136749268,6.388225078582764,6.137258529663086,5.88629150390625,5.635324954986572,5.455325126647949,5.298980712890625,5.142636299133301,4.986291885375977,4.997258186340332,5.008224964141846,5.019191265106201,4.972255229949951,4.75161075592041
0.7164080739021301,0.7111074924468994,0.7058069109916687,0.7005063891410828,0.5192630887031555,0.27937227487564087,0.03948146104812622,-0.20040936768054962,-0.2856553792953491,-0.3709013760089874,-0.4561474025249481,-0.4067622125148773,0.04651655629277229,0.4997953176498413,0.9530740976333618,1.5609976053237915,2.323566198348999,3.086134433746338,3.848702907562256,4.5553693771362305,5.243402481079102,5.9314351081848145,6.619467735290527,6.8488664627075195,7.07826566696167,7.307664394378662,7.417063236236572,7.166461944580078,6.915860652923584,6.665259838104248,6.403975486755371,6.132008075714111,5.86004114151001,5.58807373046875,5.408073902130127,5.258729457855225,5.109385013580322,4.960041046142578,4.992008209228516,5.023975372314453,5.055942535400391,5.021256923675537,4.786612033843994
1.309677004814148,1.2833757400512695,1.2570744752883911,1.2307732105255127,0.9917781949043274,0.6818851232528687,0.3719920516014099,0.062098998576402664,-0.0791487917304039,-0.22039657831192017,-0.3616443872451782,-0.34551024436950684,0.14276961982250214,0.6310495138168335,1.1193293333053589,1.7762545347213745,2.601824998855591,3.4273953437805176,4.252965927124023,4.959632396697998,5.626664638519287,6.293696880340576,6.960728645324707,7.148126125335693,7.33552360534668,7.522921085357666,7.59031867980957,7.29771614074707,7.00511360168457,6.71251106262207,6.4197258949279785,6.126758098602295,5.833790302276611,5.5408220291137695,5.3608222007751465,5.218478202819824,5.076134204864502,4.93379020690918,4.986758232116699,5.0397257804870605,5.09269380569458,5.070258140563965,4.82161283493042
1.902945876121521,1.8556439876556396,1.8083420991897583,1.761040210723877,1.4642932415008545,1.0843979120254517,0.7045026421546936,0.32460737228393555,0.12735778093338013,-0.0698917880654335,-0.2671413719654083,-0.28425827622413635,0.23902270197868347,0.7623037099838257,1.2855846881866455,1.991511344909668,2.8800837993621826,3.7686562538146973,4.657228469848633,5.363895416259766,6.009926795959473,6.65595817565918,7.301989555358887,7.447385787963867,7.592782020568848,7.738178253173828,7.763574123382568,7.4289703369140625,7.094366550445557,6.759762763977051,6.435476303100586,6.12150764465332,5.807539463043213,5.493570804595947,5.313570976257324,5.178226947784424,5.042882919311523,4.907539367675781,4.981507778167725,5.055476188659668,5.1294450759887695,5.119259834289551,4.856614112854004
1.8176084756851196,1.7393263578414917,1.6610443592071533,1.5827622413635254,1.2482224702835083,0.8282634615898132,0.40830448269844055,-0.011654503643512726,-0.22498787939548492,-0.43832123279571533,-0.6516546010971069,-0.6708366870880127,-0.10756479203701019,0.4557071030139923,1.0189789533615112,1.768917441368103,2.7055227756500244,3.642127752304077,4.578732967376709,5.300368785858154,5.950348377227783,6.600327968597412,7.250307559967041,7.34871244430542,7.447117805480957,7.545522689819336,7.52891731262207,7.167281627655029,6.80564546585083,6.444009780883789,6.108181476593018,5.798161029815674,5.48814058303833,5.178120136260986,5.011841773986816,4.893477916717529,4.775113582611084,4.656749725341797,4.716790676116943,4.77683162689209,4.836872577667236,4.815236568450928,4.548569679260254
1.4588470458984375,1.3455638885498047,1.2322806119918823,1.1189974546432495,0.7547067403793335,0.30674687027931213,-0.14121302962303162,-0.589172899723053,-0.8025062680244446,-1.0158395767211914,-1.229172945022583,-1.2378547191619873,-0.6325814723968506,-0.027308285236358643,0.5779649019241333,1.3699047565460205,2.348511219024658,3.327117681503296,4.305724143981934,5.048360824584961,5.712340831756592,6.376320838928223,7.0403008460998535,7.0897040367126465,7.139107704162598,7.188511371612549,7.129904747009277,6.747268199920654,6.364631652832031,5.981995105743408,5.642666816711426,5.346646785736084,5.050626754760742,4.7546067237854,4.607578754425049,4.510215759277344,4.4128522872924805,4.315488815307617,4.34752893447876,4.379569053649902,4.411608695983887,4.368972301483154,4.102305889129639
1.1000856161117554,0.9518013596534729,0.8035169839859009,0.6552326679229736,0.2611910104751587,-0.21476975083351135,-0.6907305121421814,-1.1666913032531738,-1.3800246715545654,-1.593358039855957,-1.806691288948059,-1.804872751235962,-1.1575981378555298,-0.5103236436843872,0.13695086538791656,0.970892071723938,1.991499900817871,3.0121078491210938,4.032715797424316,4.796352863311768,5.4743332862854,6.152313709259033,6.830294132232666,6.830696105957031,6.8310980796813965,6.831500053405762,6.730892181396484,6.327254772186279,5.923617839813232,5.519980430603027,5.177151679992676,4.895132064819336,4.613112449645996,4.331092834472656,4.2033162117004395,4.126953125,4.050590515136719,3.9742276668548584,3.978266954421997,3.9823062419891357,3.9863452911376953,3.922708034515381,3.656041383743286
