lessons/derecho-2022-demo/winds/surface/narr_10m_20220512_1800z_NA_leaflet_velocity.json
{"header": {"nx": 141, "ny": 81, "lo1": -130.0, "la1": 60.0, "dx": 0.5, "dy": 0.5, "refTime": "2022-05-12T18:00:00", "gridUnits": "degrees", "parameterCategory": 2, "parameterUnit": "m/s", "parameterNumber": 3, "parameterNumberName": "v-wind 10m"}, "data":
[rows 0 to 18 of 81, columns 86 to 128 of 141]
-0.7000294327735901,-0.30010780692100525,0.15311771631240845,0.6596471667289734,1.166176676750183,1.672706127166748,2.1992650032043457,2.7325003147125244,3.265735626220703,3.798970937728882,4.225539684295654,4.652108192443848,5.078677177429199,5.4252753257751465,5.531961441040039,5.638647556304932,5.745334148406982,5.652040004730225,5.358765125274658,5.06549072265625,4.772215843200684,4.398897171020508,3.9988973140716553,3.5988974571228027,3.19889760017395,2.798936605453491,2.3989758491516113,1.9990150928497314,1.6390396356582642,1.3990199565887451,1.1590003967285156,0.9189807772636414,0.7322847247123718,0.5989121794700623,0.4655396342277527,0.3321671187877655,0.19885337352752686,0.06555923819541931,-0.06773489713668823,-0.20102903246879578,-0.41424477100372314,-0.6274604797363281,-0.8406762480735779
-0.6685872077941895,-0.25462597608566284,0.21964924037456512,0.7542384266853333,1.2888275384902954,1.8234167098999023,2.372770309448242,2.9270455837249756,3.48132061958313,4.035595893859863,4.448301315307617,4.861006736755371,5.273712158203125,5.606417655944824,5.699123382568359,5.791828632354736,5.8845343589782715,5.773749351501465,5.459474086761475,5.145198822021484,4.830923557281494,4.457590103149414,4.064570903778076,3.671551465988159,3.278532028198242,2.89249324798584,2.5064544677734375,2.120415687561035,1.7708866596221924,1.5308866500854492,1.290886640548706,1.050886631011963,0.867710292339325,0.7413576245307922,0.6150048971176147,0.48865219950675964,0.35706400871276855,0.22373066842556,0.09039733558893204,-0.04293600097298622,-0.2632499635219574,-0.4835638999938965,-0.703877866268158
-0.6370862126350403,-0.20912450551986694,0.28615137934684753,0.8487414121627808,1.4113315343856812,1.973921537399292,2.5460259914398193,3.1213016510009766,3.696577548980713,4.271853446960449,4.670558452606201,5.069263458251953,5.467968463897705,5.786673545837402,5.865378379821777,5.9440836906433105,6.0227885246276855,5.894503116607666,5.559226989746094,5.22395133972168,4.888675212860107,4.515341758728027,4.1293230056762695,3.7433037757873535,3.3572845458984375,2.985246181488037,2.6132078170776367,2.2411696910858154,1.9021408557891846,1.6621408462524414,1.4221408367156982,1.182140827178955,1.0024645328521729,0.8831121325492859,0.7637596130371094,0.6444071531295776,0.5145690441131592,0.38123568892478943,0.24790234863758087,0.11456902325153351,-0.11274515837430954,-0.3400593400001526,-0.567373514175415
-0.6055852174758911,-0.16362306475639343,0.35265350341796875,0.943244457244873,1.5338354110717773,2.1244263648986816,2.7192814350128174,3.3155579566955566,3.911834478378296,4.508111000061035,4.892815589904785,5.277520179748535,5.662224769592285,5.966928958892822,6.0316338539123535,6.096338272094727,6.1610426902771,6.015256881713867,5.658980369567871,5.302703857421875,4.946427345275879,4.573093891143799,4.194075107574463,3.815056085586548,3.436037063598633,3.0779991149902344,2.719961404800415,2.3619234561920166,2.0333950519561768,1.7933950424194336,1.5533950328826904,1.3133950233459473,1.1372188329696655,1.0248665809631348,0.912514328956604,0.8001620769500732,0.672074019908905,0.5387406945228577,0.4054073691368103,0.27207404375076294,0.03775963932275772,-0.1965547651052475,-0.4308691620826721
-0.5533774495124817,-0.10793226212263107,0.4181702435016632,1.0249301195144653,1.6316900253295898,2.238449811935425,2.844223737716675,3.4496688842773438,4.055113792419434,4.660558700561523,5.0299482345581055,5.399337291717529,5.768726825714111,6.058773517608643,6.11079216003418,6.162810802459717,6.214829444885254,6.058116436004639,5.692671298980713,5.327226161956787,4.961780548095703,4.586475372314453,4.207883358001709,3.8292911052703857,3.4506988525390625,3.1119203567504883,2.773141860961914,2.43436336517334,2.120936870574951,1.8835662603378296,1.646195650100708,1.4088250398635864,1.2354917526245117,1.1261956691741943,1.016899585723877,0.9076035618782043,0.7812655568122864,0.6492469310760498,0.5172283053398132,0.38520967960357666,0.14783908426761627,-0.08953153342008591,-0.3269021511077881
-0.4116152226924896,-0.00817368645220995,0.4794255197048187,1.0511823892593384,1.6229392290115356,2.1946961879730225,2.760216474533081,3.323657989501953,3.887099504470825,4.450541019439697,4.798928260803223,5.147315979003906,5.495703220367432,5.768248558044434,5.813266754150391,5.8582844734191895,5.9033026695251465,5.7640910148620605,5.440649509429932,5.117208003997803,4.793766498565674,4.407959938049316,4.001365661621094,3.594770908355713,3.188176393508911,2.891401529312134,2.5946266651153564,2.297851800918579,2.019428253173828,1.7960587739944458,1.572689414024353,1.3493199348449707,1.175986647605896,1.0526893138885498,0.9293920993804932,0.8060948252677917,0.6815069913864136,0.5564889907836914,0.43147096037864685,0.3064529299736023,0.08308351039886475,-0.1402859091758728,-0.36365529894828796
-0.26985305547714233,0.09158489108085632,0.5406807661056519,1.0774346590042114,1.614188551902771,2.150942325592041,2.6762092113494873,3.1976470947265625,3.7190849781036377,4.240522861480713,4.567908763885498,4.895294189453125,5.22268009185791,5.477723598480225,5.515740871429443,5.55375862121582,5.591775894165039,5.470065593719482,5.18862771987915,4.907189846038818,4.625751972198486,4.22944450378418,3.7948477268218994,3.36025071144104,2.9256536960601807,2.6708824634552,2.4161112308502197,2.1613399982452393,1.9179195165634155,1.708551287651062,1.4991830587387085,1.289814829826355,1.1164815425872803,0.9791830778121948,0.8418846130371094,0.7045861482620239,0.5817484259605408,0.4637310206890106,0.3457135856151581,0.22769615054130554,0.01832793839275837,-0.1910402625799179,-0.40040847659111023
-0.12809085845947266,0.19134347140789032,0.6019360423088074,1.1036869287490845,1.6054377555847168,2.1071887016296387,2.5922019481658936,3.071636438369751,3.5510706901550293,4.030505180358887,4.336888790130615,4.643272876739502,4.9496564865112305,5.187198638916016,5.218215465545654,5.249232292175293,5.280249118804932,5.176040172576904,4.936605930328369,4.697171688079834,4.457737445831299,4.050929546356201,3.588330030441284,3.125730514526367,2.6631312370300293,2.4503636360168457,2.237595796585083,2.0248281955718994,1.8164106607437134,1.6210436820983887,1.425676703453064,1.2303097248077393,1.0569764375686646,0.9056767225265503,0.7543770670890808,0.6030774116516113,0.48198986053466797,0.37097305059432983,0.2599562108516693,0.1489393711090088,-0.04642762988805771,-0.2417946308851242,-0.4371616542339325
-0.10161926597356796,0.15991055965423584,0.5160988569259644,0.9669456481933594,1.4177924394607544,1.8686392307281494,2.3034615516662598,2.7329423427581787,3.1624228954315186,3.5919036865234375,3.864034652709961,4.136165618896484,4.408296585083008,4.619061470031738,4.64572811126709,4.672394752502441,4.699061393737793,4.617654323577881,4.428174018859863,4.2386932373046875,4.049212455749512,3.6796090602874756,3.249964475631714,2.820319890975952,2.3906755447387695,2.2172601222991943,2.0438449382781982,1.8704297542572021,1.6950268745422363,1.5136607885360718,1.3322947025299072,1.1509287357330322,0.9815707802772522,0.8242210745811462,0.6668713688850403,0.5095216631889343,0.390184223651886,0.2835175693035126,0.17685088515281677,0.07018421590328217,-0.11118187010288239,-0.29254797101020813,-0.4739140570163727
-0.2643744647502899,-0.08684729784727097,0.18883845210075378,0.5626828074455261,0.9365271329879761,1.3103713989257812,1.6786916255950928,2.045170307159424,2.411648988723755,2.778127670288086,2.9942569732666016,3.210386037826538,3.4265153408050537,3.5952789783477783,3.62194561958313,3.6486122608184814,3.675278902053833,3.625372886657715,3.498894214630127,3.372415542602539,3.245936870574951,2.9918370246887207,2.6951968669891357,2.3985564708709717,2.1019163131713867,1.9635021686553955,1.8250880241394043,1.6866739988327026,1.5410219430923462,1.3736563920974731,1.2062907218933105,1.038925051689148,0.8800675272941589,0.7297180891036987,0.5793685913085938,0.42901909351348877,0.3114317059516907,0.20476505160331726,0.09809837490320206,-0.008568291552364826,-0.17593392729759216,-0.3432995676994324,-0.510665237903595
-0.4271296560764313,-0.33360517024993896,-0.13842198252677917,0.1584199070930481,0.45526179671287537,0.7521036863327026,1.0539216995239258,1.3573983907699585,1.6608750820159912,1.964351773262024,2.124479293823242,2.284606695175171,2.4447340965270996,2.5714962482452393,2.598162889480591,2.6248295307159424,2.651496410369873,2.6330912113189697,2.5696146488189697,2.5061378479003906,2.4426612854003906,2.304064989089966,2.1404290199279785,1.9767930507659912,1.813157081604004,1.7097440958023071,1.6063311100006104,1.5029181241989136,1.3870171308517456,1.233651876449585,1.0802867412567139,0.926921546459198,0.7785643339157104,0.6352150440216064,0.49186578392982483,0.3485165238380432,0.23267920315265656,0.12601253390312195,0.01934586651623249,-0.08732080459594727,-0.24068599939346313,-0.394051194190979,-0.5474163889884949
-0.5898848176002502,-0.5803630352020264,-0.46568241715431213,-0.24584297835826874,-0.026003552600741386,0.19383586943149567,0.4291517436504364,0.6696264147758484,0.9101011157035828,1.150575876235962,1.2547014951705933,1.3588271141052246,1.462952733039856,1.5477136373519897,1.5743803977966309,1.6010470390319824,1.627713680267334,1.6408096551895142,1.640334963798523,1.6398602724075317,1.6393855810165405,1.6162930727005005,1.5856612920761108,1.5550296306610107,1.524397850036621,1.4559860229492188,1.3875741958618164,1.3191622495651245,1.2330121994018555,1.0936474800109863,0.9542827010154724,0.8149179816246033,0.6770610809326172,0.5407119989395142,0.4043629765510559,0.26801395416259766,0.15392668545246124,0.04726002365350723,-0.059406641870737076,-0.16607330739498138,-0.3054380416870117,-0.44480279088020325,-0.5841675400733948
-0.96182781457901,-0.9964635372161865,-0.9324015974998474,-0.7696420550346375,-0.6068825125694275,-0.4441229999065399,-0.25538671016693115,-0.057991527020931244,0.13940367102622986,0.33679884672164917,0.41679883003234863,0.4967988431453705,0.5767987966537476,0.6514345407485962,0.7099775075912476,0.7685204148292542,0.8270633816719055,0.8856062889099121,0.9441490769386292,1.0026919841766357,1.061234712600708,1.1197775602340698,1.1783205270767212,1.236863374710083,1.2954062223434448,1.2659800052642822,1.2365539073944092,1.2071276903152466,1.1557092666625977,1.0383139848709106,0.9209187626838684,0.8035235404968262,0.6801515221595764,0.5508027076721191,0.42145389318466187,0.2921050786972046,0.1737910807132721,0.05915536358952522,-0.05548034980893135,-0.17011606693267822,-0.30743393301963806,-0.4447517693042755,-0.5820696353912354
-1.492095708847046,-1.5407319068908691,-1.5046709775924683,-1.3839129209518433,-1.2631547451019287,-1.1423966884613037,-0.9851614236831665,-0.8157671689987183,-0.64637291431427,-0.4769786596298218,-0.3969786763191223,-0.31697866320610046,-0.2369786947965622,-0.14834249019622803,-0.03379768133163452,0.08074713498353958,0.19529195129871368,0.3098367154598236,0.42438146471977234,0.5389261841773987,0.6534709334373474,0.7680156826972961,0.8825604319572449,0.9971052408218384,1.111649990081787,1.1242252588272095,1.1368005275726318,1.1493757963180542,1.1364586353302002,1.0470643043518066,0.9576700329780579,0.8682757019996643,0.7624042630195618,0.6400557160377502,0.5177071690559387,0.3953585624694824,0.2682942748069763,0.1396580934524536,0.011021904647350311,-0.11761428415775299,-0.261932373046875,-0.4062504768371582,-0.5505685806274414
-2.0223636627197266,-2.0850002765655518,-2.0769402980804443,-1.9981837272644043,-1.9194270372390747,-1.8406703472137451,-1.7149361371994019,-1.573542833328247,-1.4321495294570923,-1.290756106376648,-1.2107561826705933,-1.130756139755249,-1.0507562160491943,-0.9481195211410522,-0.7775728702545166,-0.6070261597633362,-0.43647947907447815,-0.2659327983856201,-0.09538616240024567,0.07516048848628998,0.24570713937282562,0.4162537753582001,0.5868004560470581,0.7573471069335938,0.9278937578201294,0.9824704527854919,1.0370471477508545,1.0916237831115723,1.1172080039978027,1.0558146238327026,0.9944212436676025,0.9330279231071472,0.8446570634841919,0.7293087244033813,0.6139603853225708,0.49861207604408264,0.36279749870300293,0.2201608270406723,0.07752416282892227,-0.06511250883340836,-0.21643084287643433,-0.3677491843700409,-0.5190675258636475
-2.5526316165924072,-2.6292686462402344,-2.64920973777771,-2.612454414367676,-2.5756993293762207,-2.5389440059661865,-2.4447109699249268,-2.3313183784484863,-2.217926025390625,-2.1045336723327637,-2.024533748626709,-1.9445337057113647,-1.8645336627960205,-1.7478965520858765,-1.521347999572754,-1.2947994470596313,-1.0682508945465088,-0.8417023420333862,-0.6151537895202637,-0.3886052370071411,-0.16205666959285736,0.0644918829202652,0.29104042053222656,0.5175889730453491,0.7441375255584717,0.8407156467437744,0.9372937083244324,1.0338717699050903,1.0979572534561157,1.0645649433135986,1.031172513961792,0.9977800846099854,0.926909863948822,0.8185617923736572,0.7102136611938477,0.6018655896186829,0.45730069279670715,0.300663560628891,0.14402641355991364,-0.012610728852450848,-0.17092929780483246,-0.3292478919029236,-0.48756644129753113
-2.735847234725952,-2.778615713119507,-2.7653913497924805,-2.696174383163452,-2.626957416534424,-2.5577404499053955,-2.4365015029907227,-2.297922134399414,-2.1593425273895264,-2.0207631587982178,-1.9088504314422607,-1.7969375848770142,-1.6850248575210571,-1.5437496900558472,-1.314387321472168,-1.0850249528884888,-0.85566246509552,-0.6395970582962036,-0.4368286430835724,-0.23406022787094116,-0.031291812658309937,0.17945481836795807,0.3928608298301697,0.6062668561935425,0.8196728825569153,0.9210207462310791,1.0223686695098877,1.1237165927886963,1.1957201957702637,1.1796910762786865,1.163662075996399,1.1476329565048218,1.0836256742477417,0.9716402292251587,0.8596547842025757,0.7476692795753479,0.5956838130950928,0.43036502599716187,0.26504623889923096,0.09972742199897766,-0.07622897624969482,-0.2521853744983673,-0.4281417727470398
-2.809349775314331,-2.8031165599823,-2.7373905181884766,-2.6121716499328613,-2.486953020095825,-2.36173415184021,-2.1949939727783203,-2.0144131183624268,-1.8338322639465332,-1.6532514095306396,-1.4993373155593872,-1.3454232215881348,-1.1915091276168823,-1.0222331285476685,-0.8068711161613464,-0.5915091633796692,-0.37614721059799194,-0.1915827989578247,-0.037815943360328674,0.11595091968774796,0.2697177827358246,0.44196316599845886,0.6203680634498596,0.7987729907035828,0.9771779179573059,1.0715255737304688,1.1658731698989868,1.2602208852767944,1.3304744958877563,1.3284457921981812,1.3264172077178955,1.3243886232376099,1.2638814449310303,1.1448957920074463,1.0259100198745728,0.9069243669509888,0.7479386925697327,0.575619637966156,0.4033006429672241,0.23098160326480865,0.03402454033493996,-0.16293251514434814,-0.35988956689834595
-2.882852077484131,-2.8276174068450928,-2.7093896865844727,-2.5281691551208496,-2.3469483852386475,-2.1657278537750244,-1.9534862041473389,-1.73090398311615,-1.5083218812942505,-1.285739779472351,-1.0898243188858032,-0.8939088582992554,-0.6979934573173523,-0.500716507434845,-0.2993549704551697,-0.09799346327781677,0.10336805135011673,0.2564314603805542,0.36119675636291504,0.46596208214759827,0.5707273483276367,0.7044715285301208,0.8478752970695496,0.991279125213623,1.1346828937530518,1.2220304012298584,1.3093777894973755,1.3967251777648926,1.465228796005249,1.4772006273269653,1.4891724586486816,1.5011441707611084,1.4441372156143188,1.3181512355804443,1.1921653747558594,1.0661795139312744,0.9001935720443726,0.7208743095397949,0.5415550470352173,0.36223578453063965,0.14427804946899414,-0.07367967069149017,-0.2916373908519745
