lessons/derecho-2022-demo/winds/surface/narr_10m_20220512_1800z_NA_leaflet_velocity.json
{"header": {"nx": 141, "ny": 81, "lo1": -130.0, "la1": 60.0, "dx": 0.5, "dy": 0.5, "refTime": "2022-05-12T18:00:00", "gridUnits": "degrees", "parameterCategory": 2, "parameterUnit": "m/s", "parameterNumber": 2, "parameterNumberName": "u-wind 10m"}, "data":
[rows 19 to 37 of 81, columns 86 to 128 of 141]
-1.085989236831665,-0.9014058113098145,-0.7969959378242493,-0.7727596759796143,-0.7485234141349792,-0.7242871522903442,-0.8592696785926819,-1.0473251342773438,-1.2353806495666504,-1.423436164855957,-1.6395471096038818,-1.8556580543518066,-2.0717689990997314,-2.279650926589966,-2.46284556388855,-2.646040201187134,-2.8292348384857178,-2.8269779682159424,-2.6392698287963867,-2.451561450958252,-2.2638533115386963,-2.2161450386047363,-2.2151033878326416,-2.214061737060547,-2.213020086288452,-2.1285064220428467,-2.043992757797241,-1.9594792127609253,-1.8625001907348633,-1.7281253337860107,-1.5937503576278687,-1.4593753814697266,-1.2990281581878662,-1.1127086877822876,-0.9263892769813538,-0.7400698065757751,-0.593489944934845,-0.4601566195487976,-0.32682329416275024,-0.19348996877670288,-0.13980942964553833,-0.08612889796495438,-0.032448358833789825
-1.0251126289367676,-0.7918747663497925,-0.6220043897628784,-0.5155014991760254,-0.40899860858917236,-0.30249568819999695,-0.3609825074672699,-0.47446590662002563,-0.5879493355751038,-0.7014327049255371,-0.874847948551178,-1.0482631921768188,-1.2216784954071045,-1.3967432975769043,-1.5767569541931152,-1.7567704916000366,-1.9367841482162476,-1.9833552837371826,-1.8964838981628418,-1.8096126317977905,-1.7227412462234497,-1.7459312677383423,-1.8058085441589355,-1.8656857013702393,-1.925562858581543,-1.905440092086792,-1.885317325592041,-1.8651944398880005,-1.8134424686431885,-1.6668031215667725,-1.5201637744903564,-1.3735243082046509,-1.220177412033081,-1.0601228475570679,-0.9000682234764099,-0.7400136590003967,-0.6149693131446838,-0.5015950202941895,-0.38822075724601746,-0.27484649419784546,-0.24147221446037292,-0.20809794962406158,-0.17472368478775024
-0.9673607349395752,-0.6851213574409485,-0.4487488865852356,-0.25824329257011414,-0.06773772090673447,0.1227678656578064,0.14303354918956757,0.10655258595943451,0.07007162272930145,0.033590663224458694,-0.09782322496175766,-0.22923710942268372,-0.36065101623535156,-0.502464771270752,-0.6754781603813171,-0.8484915494918823,-1.0215049982070923,-1.1170777082443237,-1.1352096796035767,-1.1533416509628296,-1.171473741531372,-1.2681660652160645,-1.391045331954956,-1.513924479484558,-1.6368037462234497,-1.6796828508377075,-1.7225620746612549,-1.7654412984848022,-1.7574406862258911,-1.5968009233474731,-1.4361610412597656,-1.2755212783813477,-1.1291744709014893,-0.9971207976341248,-0.8650671243667603,-0.733013391494751,-0.630719780921936,-0.5383461713790894,-0.44597259163856506,-0.3535989820957184,-0.34122538566589355,-0.3288517892360687,-0.3164781928062439
-0.9096089005470276,-0.5783679485321045,-0.2754933834075928,-0.0009851023787632585,0.27352315187454224,0.5480314493179321,0.647049605846405,0.687571108341217,0.7280925512313843,0.7686140537261963,0.6792014837265015,0.5897889733314514,0.5003764629364014,0.3918137550354004,0.225800558924675,0.05978737026453018,-0.10622582584619522,-0.25080010294914246,-0.37393543124198914,-0.4970707893371582,-0.6202061176300049,-0.7904008626937866,-0.9762821197509766,-1.162163257598877,-1.348044514656067,-1.4539257287979126,-1.5598069429397583,-1.665688157081604,-1.7014389038085938,-1.5267987251281738,-1.3521584272384644,-1.1775181293487549,-1.038171648979187,-0.9341188073158264,-0.8300659656524658,-0.72601318359375,-0.646470308303833,-0.575097382068634,-0.5037244558334351,-0.4323514997959137,-0.4409785866737366,-0.44960564374923706,-0.45823273062705994
-0.8777664303779602,-0.5024590492248535,-0.14196552336215973,0.20371411740779877,0.5493937730789185,0.895073413848877,1.064454436302185,1.1750690937042236,1.2856838703155518,1.3962986469268799,1.3459264039993286,1.2955541610717773,1.245181918144226,1.1681430339813232,1.0111041069030762,0.8540651202201843,0.6970261931419373,0.5128270387649536,0.30146777629852295,0.09010849893093109,-0.12125078588724136,-0.35335034132003784,-0.5923633575439453,-0.8313763737678528,-1.0703893899917603,-1.2284152507781982,-1.3864412307739258,-1.5444672107696533,-1.6175537109375,-1.4358221292495728,-1.254090666770935,-1.0723590850830078,-0.9409998059272766,-0.8600127696990967,-0.7790257334709167,-0.6980386972427368,-0.6400127410888672,-0.5896404981613159,-0.5392682552337646,-0.488895982503891,-0.5195107460021973,-0.5501255393028259,-0.5807402729988098
-1.0037704706192017,-0.6144626140594482,-0.2504689693450928,0.08821044117212296,0.4268898665904999,0.765569269657135,0.9542008638381958,1.0928164720535278,1.2314321994781494,1.3700478076934814,1.340676188468933,1.3113046884536743,1.281933069229126,1.225894808769226,1.089856505393982,0.9538182616233826,0.8177800178527832,0.6510814428329468,0.45372262597084045,0.25636377930641174,0.059004947543144226,-0.16434434056282043,-0.39635711908340454,-0.6283698678016663,-0.8603826761245728,-1.0044081211090088,-1.1484336853027344,-1.2924591302871704,-1.3637956380844116,-1.2170652151107788,-1.070334792137146,-0.9236043691635132,-0.8062455058097839,-0.718258261680603,-0.6302710175514221,-0.5422837138175964,-0.49825823307037354,-0.4688866436481476,-0.439515084028244,-0.41014349460601807,-0.468759149312973,-0.527374804019928,-0.5859904289245605
-1.1297744512557983,-0.726466178894043,-0.358972430229187,-0.027293238788843155,0.3043859601020813,0.6360651254653931,0.8439473509788513,1.010563850402832,1.1771804094314575,1.343796968460083,1.3354260921478271,1.3270550966262817,1.3186842203140259,1.283646583557129,1.1686090230941772,1.0535714626312256,0.9385338425636292,0.7893358469009399,0.605977475643158,0.4226190745830536,0.2392606884241104,0.024661675095558167,-0.20035086572170258,-0.4253634214401245,-0.6503759622573853,-0.7804009914398193,-0.9104260802268982,-1.0404510498046875,-1.1100375652313232,-0.9983082413673401,-0.8865789175033569,-0.7748495936393738,-0.6714912056922913,-0.5765037536621094,-0.4815162718296051,-0.38652878999710083,-0.3565037250518799,-0.34813281893730164,-0.339761883020401,-0.33139097690582275,-0.4180075228214264,-0.50462406873703,-0.5912405848503113
-1.255778431892395,-0.8384697437286377,-0.46747589111328125,-0.14279691874980927,0.18188205361366272,0.5065610408782959,0.7336938381195068,0.928311288356781,1.1229287385940552,1.3175461292266846,1.3301758766174316,1.3428056240081787,1.3554353713989258,1.3413984775543213,1.2473615407943726,1.1533246040344238,1.059287667274475,0.9275902509689331,0.7582322955131531,0.588874340057373,0.4195164144039154,0.21366769075393677,-0.004344622604548931,-0.22235693037509918,-0.44036924839019775,-0.5563938617706299,-0.672418475151062,-0.7884430885314941,-0.8562794923782349,-0.7795512676239014,-0.7028231024742126,-0.6260948777198792,-0.5367369055747986,-0.43474921584129333,-0.3327615261077881,-0.23077383637428284,-0.21474923193454742,-0.2273789793252945,-0.24000872671604156,-0.25263845920562744,-0.36725589632987976,-0.4818733334541321,-0.596490740776062
-1.3661140203475952,-0.9626599550247192,-0.6090572476387024,-0.3053060472011566,-0.0015548260416835546,0.3021963834762573,0.5207248330116272,0.7108455896377563,0.9009664058685303,1.0910872220993042,1.1200751066207886,1.149062991142273,1.1780509948730469,1.1821131706237793,1.1113982200622559,1.0406832695007324,0.9699682593345642,0.8627351522445679,0.7189838886260986,0.5752326846122742,0.43148142099380493,0.24598924815654755,0.04658342897891998,-0.15282239019870758,-0.35222822427749634,-0.4472886025905609,-0.5423489809036255,-0.6374093890190125,-0.6924697756767273,-0.6275302171707153,-0.5625905990600586,-0.49765101075172424,-0.40952661633491516,-0.29821744561195374,-0.1869082748889923,-0.07559909671545029,-0.06603085994720459,-0.09037627279758453,-0.11472167819738388,-0.13906708359718323,-0.2700791656970978,-0.4010912775993347,-0.5321033596992493
-1.4448667764663696,-1.1114150285720825,-0.8173143267631531,-0.5625647306442261,-0.30781519412994385,-0.053065620362758636,0.10071058571338654,0.22082901000976562,0.3409474492073059,0.4610658586025238,0.4970540404319763,0.5330421924591064,0.5690303444862366,0.5853429436683655,0.5426289439201355,0.49991488456726074,0.4572008550167084,0.38846907019615173,0.29371950030326843,0.19896991550922394,0.10422035306692123,-0.03752034157514572,-0.1949247419834137,-0.3523291349411011,-0.5097335577011108,-0.5697927474975586,-0.6298519372940063,-0.6899111866950989,-0.7099704146385193,-0.6100296378135681,-0.5100888013839722,-0.4101480543613434,-0.2975228428840637,-0.17221318185329437,-0.04690353572368622,0.07840611785650253,0.09672464430332184,0.07937947660684586,0.062034301459789276,0.0446891263127327,-0.07932272553443909,-0.20333456993103027,-0.32734641432762146
-1.5236194133758545,-1.2601699829101562,-1.025571346282959,-0.8198234438896179,-0.6140755414962769,-0.4083276391029358,-0.31930363178253174,-0.2691875696182251,-0.21907152235507965,-0.168955460190773,-0.12596707046031952,-0.08297865837812424,-0.03999025747179985,-0.011427229270339012,-0.026140322908759117,-0.04085341468453407,-0.05556650832295418,-0.0857970118522644,-0.13154491782188416,-0.1772928237915039,-0.22304072976112366,-0.321029931306839,-0.4364328980445862,-0.5518358945846558,-0.6672388315200806,-0.6922968626022339,-0.7173548936843872,-0.7424129843711853,-0.7274709939956665,-0.5925289988517761,-0.4575870633125305,-0.32264506816864014,-0.1855190396308899,-0.04620891436934471,0.09310121089220047,0.23241132497787476,0.25948014855384827,0.24913522601127625,0.23879028856754303,0.22844535112380981,0.1114337369799614,-0.005577874835580587,-0.12258948385715485
-1.6023720502853394,-1.4089250564575195,-1.2338284254074097,-1.0770821571350098,-0.9203358888626099,-0.7635896801948547,-0.7393178343772888,-0.7592041492462158,-0.7790904641151428,-0.7989767789840698,-0.748988151550293,-0.6989995241165161,-0.6490108966827393,-0.6081974506378174,-0.5949096083641052,-0.5816217064857483,-0.5683338642120361,-0.5600630640983582,-0.5568093061447144,-0.5535555481910706,-0.5503017902374268,-0.6045395135879517,-0.677941083908081,-0.7513426542282104,-0.8247441649436951,-0.814801037311554,-0.8048579096794128,-0.794914722442627,-0.7449715733528137,-0.5750284194946289,-0.4050852656364441,-0.23514211177825928,-0.07351524382829666,0.07979535311460495,0.23310594260692596,0.38641655445098877,0.4222356677055359,0.41889095306396484,0.4155462682247162,0.41220155358314514,0.3021901845932007,0.19217881560325623,0.08216745406389236
-1.6372582912445068,-1.4882248640060425,-1.354352593421936,-1.235641360282898,-1.1169301271438599,-0.9982188940048218,-1.01676607131958,-1.0810660123825073,-1.145365834236145,-1.2096657752990723,-1.1782656908035278,-1.1468654870986938,-1.1154652833938599,-1.0825068950653076,-1.044873595237732,-1.0072404146194458,-0.9696071743965149,-0.9374572038650513,-0.9107905626296997,-0.8841238617897034,-0.8574572205543518,-0.885307252407074,-0.9313294887542725,-0.977351725101471,-1.0233739614486694,-1.0003628730773926,-0.9773517847061157,-0.9543406367301941,-0.8895017504692078,-0.6991795897483826,-0.5088573694229126,-0.3185351490974426,-0.13606299459934235,0.038559116423130035,0.21318122744560242,0.3878033459186554,0.4479087293148041,0.4698418974876404,0.4917750656604767,0.513708233833313,0.41800814867019653,0.3223080635070801,0.22660796344280243
-1.6320081949234009,-1.5039753913879395,-1.3946038484573364,-1.3038935661315918,-1.2131831645965576,-1.122472882270813,-1.1637706756591797,-1.2490713596343994,-1.3343719244003296,-1.4196724891662598,-1.4302736520767212,-1.4408748149871826,-1.451475977897644,-1.4447684288024902,-1.3861345052719116,-1.327500581741333,-1.2688666582107544,-1.226216435432434,-1.199549674987793,-1.1728830337524414,-1.1462163925170898,-1.1635661125183105,-1.1955878734588623,-1.2276097536087036,-1.2596315145492554,-1.2436206340789795,-1.2276097536087036,-1.2115988731384277,-1.150260090827942,-0.9529376029968262,-0.7556151747703552,-0.558292806148529,-0.35832008719444275,-0.1556970626115799,0.04692593216896057,0.24954894185066223,0.34815555810928345,0.4120900630950928,0.4760245680809021,0.5399590730667114,0.4652596414089203,0.39056023955345154,0.3158608078956604
-1.6267579793930054,-1.5197259187698364,-1.4348552227020264,-1.3721457719802856,-1.309436321258545,-1.2467268705368042,-1.3107753992080688,-1.4170767068862915,-1.5233778953552246,-1.6296792030334473,-1.682281732559204,-1.7348841428756714,-1.7874866724014282,-1.8070299625396729,-1.7273952960968018,-1.6477607488632202,-1.5681262016296387,-1.5149755477905273,-1.4883089065551758,-1.4616422653198242,-1.434975504875183,-1.4418249130249023,-1.4598462581634521,-1.4778677225112915,-1.4958890676498413,-1.4868783950805664,-1.4778677225112915,-1.4688570499420166,-1.4110183715820312,-1.2066956758499146,-1.0023730993270874,-0.7980504035949707,-0.5805771350860596,-0.3499532639980316,-0.11932936310768127,0.11129453033208847,0.24840238690376282,0.35433822870254517,0.4602740705013275,0.5662099123001099,0.512511134147644,0.458812415599823,0.40511366724967957
-1.6215078830718994,-1.5354764461517334,-1.4751064777374268,-1.44039785861969,-1.4056893587112427,-1.3709807395935059,-1.457780122756958,-1.5850820541381836,-1.7123839855194092,-1.8396859169006348,-1.9342896938323975,-2.02889347076416,-2.123497486114502,-2.1692914962768555,-2.0686562061309814,-1.9680209159851074,-1.867385745048523,-1.8037347793579102,-1.777068018913269,-1.7504013776779175,-1.723734736442566,-1.7200837135314941,-1.724104642868042,-1.7281256914138794,-1.7321466207504272,-1.7301361560821533,-1.7281256914138794,-1.726115107536316,-1.6717766523361206,-1.460453748703003,-1.2491308450698853,-1.0378080606460571,-0.8028342127799988,-0.5442094206809998,-0.2855846583843231,-0.026959873735904694,0.1486492156982422,0.29658639430999756,0.44452357292175293,0.5924607515335083,0.5597626566886902,0.5270645618438721,0.49436649680137634
-1.6499384641647339,-1.5499794483184814,-1.489161491394043,-1.4674845933914185,-1.445807695388794,-1.4241307973861694,-1.53368079662323,-1.686973214149475,-1.8402655124664307,-1.9935578107833862,-2.0952348709106445,-2.196911573410034,-2.298588514328003,-2.354416847229004,-2.2726988792419434,-2.190980911254883,-2.1092629432678223,-2.0550708770751953,-2.0284039974212646,-2.001737356185913,-1.9750707149505615,-1.9908579587936401,-2.020796537399292,-2.0507349967956543,-2.0806734561920166,-2.120591640472412,-2.1605095863342285,-2.200427532196045,-2.1907544136047363,-2.032308578491211,-1.873862385749817,-1.715416431427002,-1.5028600692749023,-1.2361934185028076,-0.9695267081260681,-0.7028600573539734,-0.48625490069389343,-0.2863369286060333,-0.08641896396875381,0.11349901556968689,0.1367299109697342,0.1599608212709427,0.18319171667099
-1.6919398307800293,-1.563979983329773,-1.4926615953445435,-1.47798490524292,-1.4633082151412964,-1.4486315250396729,-1.580932378768921,-1.76222562789917,-1.943518877029419,-2.124812126159668,-2.2194888591766357,-2.3141653537750244,-2.408842086791992,-2.468170404434204,-2.4214537143707275,-2.374736785888672,-2.3280200958251953,-2.291328191757202,-2.2646615505218506,-2.237994909286499,-2.2113282680511475,-2.2586164474487305,-2.3305563926696777,-2.402496337890625,-2.474436044692993,-2.5703558921813965,-2.6662757396698,-2.762195348739624,-2.813774347305298,-2.732330799102783,-2.6508872509002686,-2.569443702697754,-2.395388603210449,-2.1287219524383545,-1.8620551824569702,-1.5953885316848755,-1.3367819786071777,-1.080862283706665,-0.8249424695968628,-0.5690227150917053,-0.4757895767688751,-0.3825564682483673,-0.2893233299255371
-1.7339411973953247,-1.577980399131775,-1.4961618185043335,-1.488485336303711,-1.4808088541030884,-1.4731323719024658,-1.6281838417053223,-1.8374780416488647,-2.0467722415924072,-2.25606632232666,-2.343742847442627,-2.4314191341400146,-2.5190956592559814,-2.5819239616394043,-2.5702083110809326,-2.558492660522461,-2.5467770099639893,-2.527585744857788,-2.5009191036224365,-2.474252462387085,-2.4475858211517334,-2.5263750553131104,-2.6403162479400635,-2.7542574405670166,-2.8681986331939697,-3.020120143890381,-3.172041654586792,-3.3239634037017822,-3.4367942810058594,-3.4323530197143555,-3.4279119968414307,-3.423470973968506,-3.287916898727417,-3.0212502479553223,-2.7545835971832275,-2.487916946411133,-2.1873092651367188,-1.8753875494003296,-1.56346595287323,-1.2515443563461304,-1.0883090496063232,-0.9250737428665161,-0.7618383765220642
