lessons/derecho-2022/jet/test/narr_jet_500mb_20220512_00z_NA_leaflet_velocity.json
{"header": {"parameterCategory": 2, "parameterNumber": 2, "parameterNumberName": "u-wind 500mb", "parameterUnit": "m/s", "nx": 141, "ny": 81, "lo1": -130.0, "la1": 60.0, "dx": 0.5, "dy": 0.5, "refTime": "2022-05-12T00:00:00", "gridUnits": "degrees"}, "data":
[rows 0 to 18 of 81, columns 43 to 85 of 141]
3.9710540771484375,3.9710540771484375,9.830429077148438,9.830429077148438,12.830429077148438,12.830429077148438,16.142929077148438,16.142929077148438,19.314804077148438,19.314804077148438,20.767929077148438,20.767929077148438,20.361679077148438,20.361679077148438,21.033554077148438,21.033554077148438,20.549179077148438,20.549179077148438,20.674179077148438,20.674179077148438,21.517929077148438,21.517929077148438,22.189804077148438,22.189804077148438,23.064804077148438,23.064804077148438,23.705429077148438,23.705429077148438,24.596054077148438,24.596054077148438,25.455429077148438,25.455429077148438,26.330429077148438,26.330429077148438,27.283554077148438,27.283554077148438,27.611679077148438,27.611679077148438,29.892929077148438,29.892929077148438,29.814804077148438,29.814804077148438,30.283554077148438
3.9710540771484375,3.9710540771484375,9.830429077148438,9.830429077148438,12.830429077148438,12.830429077148438,16.142929077148438,16.142929077148438,19.314804077148438,19.314804077148438,20.767929077148438,20.767929077148438,20.361679077148438,20.361679077148438,21.033554077148438,21.033554077148438,20.549179077148438,20.549179077148438,20.674179077148438,20.674179077148438,21.517929077148438,21.517929077148438,22.189804077148438,22.189804077148438,23.064804077148438,23.064804077148438,23.705429077148438,23.705429077148438,24.596054077148438,24.596054077148438,25.455429077148438,25.455429077148438,26.330429077148438,26.330429077148438,27.283554077148438,27.283554077148438,27.611679077148438,27.611679077148438,29.892929077148438,29.892929077148438,29.814804077148438,29.814804077148438,30.283554077148438
3.9710540771484375,3.9710540771484375,9.830429077148438,9.830429077148438,12.830429077148438,12.830429077148438,16.142929077148438,16.142929077148438,19.314804077148438,19.314804077148438,20.767929077148438,20.767929077148438,20.361679077148438,20.361679077148438,21.033554077148438,21.033554077148438,20.549179077148438,20.549179077148438,20.674179077148438,20.674179077148438,21.517929077148438,21.517929077148438,22.189804077148438,22.189804077148438,23.064804077148438,23.064804077148438,23.705429077148438,23.705429077148438,24.596054077148438,24.596054077148438,25.455429077148438,25.455429077148438,26.330429077148438,26.330429077148438,27.283554077148438,27.283554077148438,27.611679077148438,27.611679077148438,29.892929077148438,29.892929077148438,29.814804077148438,29.814804077148438,30.283554077148438
3.9710540771484375,3.9710540771484375,9.830429077148438,9.830429077148438,12.830429077148438,12.830429077148438,16.142929077148438,16.142929077148438,19.314804077148438,19.314804077148438,20.767929077148438,20.767929077148438,20.361679077148438,20.361679077148438,21.033554077148438,21.033554077148438,20.549179077148438,20.549179077148438,20.674179077148438,20.674179077148438,21.517929077148438,21.517929077148438,22.189804077148438,22.189804077148438,23.064804077148438,23.064804077148438,23.705429077148438,23.705429077148438,24.596054077148438,24.596054077148438,25.455429077148438,25.455429077148438,26.330429077148438,26.330429077148438,27.283554077148438,27.283554077148438,27.611679077148438,27.611679077148438,29.892929077148438,29.892929077148438,29.814804077148438,29.814804077148438,30.283554077148438
3.9710540771484375,3.9710540771484375,9.830429077148438,9.830429077148438,12.830429077148438,12.830429077148438,16.142929077148438,16.142929077148438,19.314804077148438,19.314804077148438,20.767929077148438,20.767929077148438,20.361679077148438,20.361679077148438,21.033554077148438,21.033554077148438,20.549179077148438,20.549179077148438,20.674179077148438,20.674179077148438,21.517929077148438,21.517929077148438,22.189804077148438,22.189804077148438,23.064804077148438,23.064804077148438,23.705429077148438,23.705429077148438,24.596054077148438,24.596054077148438,25.455429077148438,25.455429077148438,26.330429077148438,26.330429077148438,27.283554077148438,27.283554077148438,27.611679077148438,27.611679077148438,29.892929077148438,29.892929077148438,29.814804077148438,29.814804077148438,30.283554077148438
3.9710540771484375,3.9710540771484375,9.830429077148438,9.830429077148438,12.830429077148438,12.830429077148438,16.142929077148438,16.142929077148438,19.314804077148438,19.314804077148438,20.767929077148438,20.767929077148438,20.361679077148438,20.361679077148438,21.033554077148438,21.033554077148438,20.549179077148438,20.549179077148438,20.674179077148438,20.674179077148438,21.517929077148438,21.517929077148438,22.189804077148438,22.189804077148438,23.064804077148438,23.064804077148438,23.705429077148438,23.705429077148438,24.596054077148438,24.596054077148438,25.455429077148438,25.455429077148438,26.330429077148438,26.330429077148438,27.283554077148438,27.283554077148438,27.611679077148438,27.611679077148438,29.892929077148438,29.892929077148438,29.814804077148438,29.814804077148438,30.283554077148438
3.9710540771484375,3.9710540771484375,9.830429077148438,9.830429077148438,12.830429077148438,12.830429077148438,16.142929077148438,16.142929077148438,19.314804077148438,19.314804077148438,20.767929077148438,20.767929077148438,20.361679077148438,20.361679077148438,21.033554077148438,21.033554077148438,20.549179077148438,20.549179077148438,20.674179077148438,20.674179077148438,21.517929077148438,21.517929077148438,22.189804077148438,22.189804077148438,23.064804077148438,23.064804077148438,23.705429077148438,23.705429077148438,24.596054077148438,24.596054077148438,25.455429077148438,25.455429077148438,26.330429077148438,26.330429077148438,27.283554077148438,27.283554077148438,27.611679077148438,27.611679077148438,29.892929077148438,29.892929077148438,29.814804077148438,29.814804077148438,30.283554077148438
3.9710540771484375,3.9710540771484375,9.830429077148438,9.830429077148438,12.830429077148438,12.830429077148438,16.142929077148438,16.142929077148438,19.314804077148438,19.314804077148438,20.767929077148438,20.767929077148438,20.361679077148438,20.361679077148438,21.033554077148438,21.033554077148438,20.549179077148438,20.549179077148438,20.674179077148438,20.674179077148438,21.517929077148438,21.517929077148438,22.189804077148438,22.189804077148438,23.064804077148438,23.064804077148438,23.705429077148438,23.705429077148438,24.596054077148438,24.596054077148438,25.455429077148438,25.455429077148438,26.330429077148438,26.330429077148438,27.283554077148438,27.283554077148438,27.611679077148438,29.892929077148438,29.892929077148438,29.814804077148438,29.814804077148438,30.283554077148438,30.283554077148438
3.9710540771484375,3.9710540771484375,9.830429077148438,9.830429077148438,12.830429077148438,12.830429077148438,16.142929077148438,16.142929077148438,19.314804077148438,19.314804077148438,20.767929077148438,20.767929077148438,20.361679077148438,20.361679077148438,21.033554077148438,21.033554077148438,20.549179077148438,20.549179077148438,20.674179077148438,20.674179077148438,21.517929077148438,21.517929077148438,22.189804077148438,22.189804077148438,23.064804077148438,23.064804077148438,23.705429077148438,23.705429077148438,24.596054077148438,24.596054077148438,25.455429077148438,26.330429077148438,26.330429077148438,27.283554077148438,27.283554077148438,27.611679077148438,27.611679077148438,29.892929077148438,29.892929077148438,29.814804077148438,29.814804077148438,30.283554077148438,30.283554077148438
3.9710540771484375,3.9710540771484375,9.830429077148438,9.830429077148438,12.830429077148438,12.830429077148438,16.142929077148438,16.142929077148438,19.314804077148438,19.314804077148438,20.767929077148438,20.767929077148438,20.361679077148438,20.361679077148438,21.033554077148438,21.033554077148438,20.549179077148438,20.549179077148438,20.674179077148438,20.674179077148438,21.517929077148438,21.517929077148438,22.189804077148438,22.189804077148438,23.064804077148438,23.064804077148438,23.705429077148438,24.596054077148438,24.596054077148438,25.455429077148438,25.455429077148438,26.330429077148438,26.330429077148438,27.283554077148438,27.283554077148438,27.611679077148438,27.611679077148438,29.892929077148438,29.892929077148438,29.814804077148438,29.814804077148438,30.283554077148438,30.283554077148438
3.9710540771484375,3.9710540771484375,9.830429077148438,9.830429077148438,12.830429077148438,12.830429077148438,16.142929077148438,16.142929077148438,19.314804077148438,19.314804077148438,20.767929077148438,20.767929077148438,20.361679077148438,20.361679077148438,21.033554077148438,21.033554077148438,20.549179077148438,20.549179077148438,20.674179077148438,20.674179077148438,21.517929077148438,21.517929077148438,22.189804077148438,22.189804077148438,23.064804077148438,23.705429077148438,23.705429077148438,24.596054077148438,24.596054077148438,25.455429077148438,25.455429077148438,26.330429077148438,26.330429077148438,27.283554077148438,27.283554077148438,27.611679077148438,27.611679077148438,29.892929077148438,29.892929077148438,29.814804077148438,29.814804077148438,30.283554077148438,30.283554077148438
3.9710540771484375,3.9710540771484375,9.830429077148438,9.830429077148438,12.830429077148438,12.830429077148438,16.142929077148438,16.142929077148438,19.314804077148438,19.314804077148438,20.767929077148438,20.767929077148438,20.361679077148438,20.361679077148438,21.033554077148438,21.033554077148438,20.549179077148438,20.549179077148438,20.674179077148438,20.674179077148438,21.517929077148438,22.189804077148438,22.189804077148438,23.064804077148438,23.064804077148438,23.705429077148438,23.705429077148438,24.596054077148438,24.596054077148438,25.455429077148438,25.455429077148438,26.330429077148438,26.330429077148438,27.283554077148438,27.283554077148438,27.611679077148438,27.611679077148438,29.892929077148438,29.892929077148438,29.814804077148438,29.814804077148438,30.283554077148438,30.283554077148438
3.9710540771484375,3.9710540771484375,9.830429077148438,9.830429077148438,12.830429077148438,12.830429077148438,16.142929077148438,16.142929077148438,19.314804077148438,19.314804077148438,20.767929077148438,20.767929077148438,20.361679077148438,20.361679077148438,21.033554077148438,21.033554077148438,20.549179077148438,20.549179077148438,20.674179077148438,21.517929077148438,21.517929077148438,22.189804077148438,22.189804077148438,23.064804077148438,23.064804077148438,23.705429077148438,23.705429077148438,24.596054077148438,24.596054077148438,25.455429077148438,25.455429077148438,26.330429077148438,26.330429077148438,27.283554077148438,27.283554077148438,27.611679077148438,27.611679077148438,29.892929077148438,29.892929077148438,29.814804077148438,29.814804077148438,30.283554077148438,30.502304077148438
3.9710540771484375,3.9710540771484375,9.830429077148438,9.830429077148438,12.830429077148438,12.830429077148438,16.142929077148438,16.142929077148438,19.314804077148438,19.314804077148438,20.767929077148438,20.767929077148438,20.361679077148438,20.361679077148438,21.033554077148438,21.033554077148438,20.549179077148438,20.674179077148438,20.674179077148438,21.517929077148438,21.517929077148438,22.189804077148438,22.189804077148438,23.064804077148438,23.064804077148438,23.705429077148438,23.705429077148438,24.596054077148438,24.596054077148438,25.455429077148438,25.455429077148438,26.330429077148438,26.330429077148438,27.283554077148438,27.283554077148438,27.611679077148438,27.611679077148438,29.892929077148438,29.892929077148438,29.814804077148438,30.283554077148438,30.283554077148438,30.502304077148438
3.9710540771484375,3.9710540771484375,9.830429077148438,9.830429077148438,12.830429077148438,12.830429077148438,16.142929077148438,16.142929077148438,19.314804077148438,19.314804077148438,20.767929077148438,20.767929077148438,20.361679077148438,20.361679077148438,21.033554077148438,21.033554077148438,20.549179077148438,20.674179077148438,20.674179077148438,21.517929077148438,21.517929077148438,22.189804077148438,22.189804077148438,23.064804077148438,23.064804077148438,23.705429077148438,23.705429077148438,24.596054077148438,24.596054077148438,25.455429077148438,25.455429077148438,26.330429077148438,26.330429077148438,27.283554077148438,27.283554077148438,27.611679077148438,27.611679077148438,29.892929077148438,29.814804077148438,29.814804077148438,30.283554077148438,30.283554077148438,30.502304077148438
3.9710540771484375,6.226349353790283,9.308115005493164,11.088193893432617,12.645721435546875,14.16698169708252,15.87431526184082,17.002302169799805,18.67789649963379,19.554000854492188,20.375150680541992,20.40220832824707,20.282028198242188,20.361679077148438,21.033554077148438,20.549179077148438,20.549179077148438,20.674179077148438,20.674179077148438,21.517929077148438,21.517929077148438,22.189804077148438,22.189804077148438,23.064804077148438,23.064804077148438,23.705429077148438,23.705429077148438,24.596054077148438,24.596054077148438,25.455429077148438,25.455429077148438,26.330429077148438,26.330429077148438,27.283554077148438,27.611679077148438,27.611679077148438,29.892929077148438,29.892929077148438,29.814804077148438,29.814804077148438,30.283554077148438,30.283554077148438,30.502304077148438
10.127304077148438,10.729881286621094,12.199307441711426,13.621034622192383,15.078405380249023,16.410062789916992,17.76926612854004,18.016620635986328,17.713693618774414,17.786718368530273,17.878631591796875,17.732162475585938,17.506933212280273,17.529104232788086,17.82470703125,19.03298568725586,19.508089065551758,20.262008666992188,20.620203018188477,21.358686447143555,21.898902893066406,22.416397094726562,23.135770797729492,23.63420295715332,23.70996856689453,23.90826988220215,24.12176513671875,24.491836547851562,24.596054077148438,25.455429077148438,25.455429077148438,26.330429077148438,27.283554077148438,27.283554077148438,27.611679077148438,27.611679077148438,29.892929077148438,29.892929077148438,29.814804077148438,29.814804077148438,30.283554077148438,30.283554077148438,30.502304077148438
12.299179077148438,12.605656623840332,14.498177528381348,15.61171817779541,15.882318496704102,16.22315788269043,16.175851821899414,16.082202911376953,15.547222137451172,14.535233497619629,13.83725643157959,14.97243881225586,15.487621307373047,16.765167236328125,17.239898681640625,18.41028594970703,19.379732131958008,20.171459197998047,20.97629737854004,21.811813354492188,22.468215942382812,23.12980842590332,23.813844680786133,25.08228874206543,25.48194122314453,25.50432586669922,25.512306213378906,25.57900047302246,25.758434295654297,26.100664138793945,26.93857192993164,27.251733779907227,27.586204528808594,27.95534896850586,27.97126007080078,28.11560821533203,29.892929077148438,29.892929077148438,29.814804077148438,29.814804077148438,30.283554077148438,30.283554077148438,30.502304077148438
14.439804077148438,14.492840766906738,15.04684066772461,15.15633487701416,15.103944778442383,14.452631950378418,13.562042236328125,13.35672378540039,12.9508056640625,13.352039337158203,12.825298309326172,13.817138671875,14.916705131530762,16.31519889831543,17.363996505737305,18.31392478942871,19.273338317871094,20.118106842041016,21.51061248779297,22.532611846923828,23.334861755371094,23.975034713745117,24.55712127685547,24.971742630004883,25.402494430541992,25.799726486206055,26.372093200683594,26.589603424072266,26.720943450927734,26.887983322143555,27.40833282470703,28.189985275268555,28.72776222229004,29.3043155670166,30.032394409179688,30.223201751708984,30.440963745117188,30.730127334594727,30.62893295288086,30.17491340637207,30.376590728759766,30.279420852661133,30.481048583984375
