lessons/derecho-2022/jet/test/narr_jet_500mb_20220512_0300z_NA_leaflet_velocity.json
{"header": {"parameterCategory": 2, "parameterNumber": 2, "parameterNumberName": "u-wind 500mb", "parameterUnit": "m/s", "nx": 141, "ny": 81, "lo1": -130.0, "la1": 60.0, "dx": 0.5, "dy": 0.5, "refTime": "2022-05-12T03:00:00", "gridUnits": "degrees"}, "data":
[rows 57 to 75 of 81, columns 43 to 85 of 141]
15.207977294921875,15.207977294921875,15.207977294921875,13.442352294921875,11.989227294921875,11.754852294921875,10.926727294921875,10.926727294921875,9.411102294921875,10.864227294921875,12.239227294921875,12.239227294921875,15.567352294921875,15.348602294921875,12.942352294921875,12.942352294921875,10.645477294921875,9.786102294921875,8.911102294921875,8.911102294921875,7.973602294921875,5.848602294921875,4.286102294921875,4.286102294921875,3.286102294921875,2.317352294921875,1.504852294921875,1.504852294921875,0.051727294921875,-1.588897705078125,-2.635772705078125,-2.635772705078125,-3.292022705078125,-3.354522705078125,-3.151397705078125,-3.151397705078125,-2.104522705078125,-1.948272705078125,-2.042022705078125,-2.042022705078125,-2.463897705078125,-3.120147705078125,-0.43946292996406555
15.207977294921875,15.207977294921875,15.207977294921875,13.442352294921875,11.989227294921875,11.754852294921875,10.926727294921875,10.926727294921875,9.411102294921875,10.864227294921875,12.239227294921875,12.239227294921875,15.567352294921875,15.348602294921875,12.942352294921875,12.942352294921875,10.645477294921875,9.786102294921875,8.911102294921875,8.911102294921875,7.973602294921875,5.848602294921875,4.286102294921875,4.286102294921875,3.286102294921875,2.317352294921875,1.504852294921875,0.051727294921875,0.051727294921875,-1.588897705078125,-2.635772705078125,-3.292022705078125,-3.292022705078125,-3.354522705078125,-3.151397705078125,-2.104522705078125,-2.104522705078125,-1.948272705078125,-2.042022705078125,-2.463897705078125,-2.463897705078125,-3.120147705078125,-3.526397705078125
15.207977294921875,15.207977294921875,15.207977294921875,13.442352294921875,11.989227294921875,11.754852294921875,10.926727294921875,10.926727294921875,9.411102294921875,10.864227294921875,12.239227294921875,12.239227294921875,15.567352294921875,15.348602294921875,12.942352294921875,12.942352294921875,10.645477294921875,9.786102294921875,8.911102294921875,8.911102294921875,7.973602294921875,5.848602294921875,4.286102294921875,3.286102294921875,3.286102294921875,2.317352294921875,1.504852294921875,0.051727294921875,0.051727294921875,-1.588897705078125,-2.635772705078125,-3.292022705078125,-3.292022705078125,-3.354522705078125,-3.151397705078125,-2.104522705078125,-2.104522705078125,-1.948272705078125,-2.042022705078125,-2.463897705078125,-3.120147705078125,-3.120147705078125,-3.526397705078125
15.207977294921875,15.207977294921875,15.207977294921875,13.442352294921875,11.989227294921875,11.754852294921875,10.926727294921875,10.926727294921875,9.411102294921875,10.864227294921875,12.239227294921875,12.239227294921875,15.567352294921875,15.348602294921875,12.942352294921875,12.942352294921875,10.645477294921875,9.786102294921875,8.911102294921875,7.973602294921875,7.973602294921875,5.848602294921875,4.286102294921875,3.286102294921875,3.286102294921875,2.317352294921875,1.504852294921875,0.051727294921875,0.051727294921875,-1.588897705078125,-2.635772705078125,-3.292022705078125,-3.354522705078125,-3.354522705078125,-3.151397705078125,-2.104522705078125,-1.948272705078125,-1.948272705078125,-2.042022705078125,-2.463897705078125,-3.120147705078125,-3.120147705078125,-3.526397705078125
15.207977294921875,15.207977294921875,15.207977294921875,13.442352294921875,11.989227294921875,11.754852294921875,10.926727294921875,10.926727294921875,9.411102294921875,10.864227294921875,12.239227294921875,12.239227294921875,15.567352294921875,15.348602294921875,12.942352294921875,10.645477294921875,10.645477294921875,9.786102294921875,8.911102294921875,7.973602294921875,7.973602294921875,5.848602294921875,4.286102294921875,3.286102294921875,2.317352294921875,2.317352294921875,1.504852294921875,0.051727294921875,-1.588897705078125,-1.588897705078125,-2.635772705078125,-3.292022705078125,-3.354522705078125,-3.354522705078125,-3.151397705078125,-2.104522705078125,-1.948272705078125,-2.042022705078125,-2.042022705078125,-2.463897705078125,-3.120147705078125,-3.526397705078125,-3.526397705078125
15.207977294921875,15.207977294921875,15.207977294921875,13.442352294921875,11.989227294921875,11.754852294921875,10.926727294921875,10.926727294921875,9.411102294921875,10.864227294921875,12.239227294921875,12.239227294921875,15.567352294921875,15.348602294921875,12.942352294921875,10.645477294921875,10.645477294921875,9.786102294921875,8.911102294921875,7.973602294921875,7.973602294921875,5.848602294921875,4.286102294921875,3.286102294921875,2.317352294921875,2.317352294921875,1.504852294921875,0.051727294921875,-1.588897705078125,-2.635772705078125,-2.635772705078125,-3.292022705078125,-3.354522705078125,-3.151397705078125,-3.151397705078125,-2.104522705078125,-1.948272705078125,-2.042022705078125,-2.463897705078125,-2.463897705078125,-3.120147705078125,-3.526397705078125,-3.682647705078125
15.207977294921875,15.207977294921875,15.207977294921875,13.442352294921875,11.989227294921875,11.754852294921875,10.926727294921875,10.926727294921875,9.411102294921875,10.864227294921875,12.239227294921875,15.567352294921875,15.567352294921875,15.348602294921875,12.942352294921875,10.645477294921875,10.645477294921875,9.786102294921875,8.911102294921875,7.973602294921875,5.848602294921875,5.848602294921875,4.286102294921875,3.286102294921875,2.317352294921875,2.317352294921875,1.504852294921875,0.051727294921875,-1.588897705078125,-2.635772705078125,-2.635772705078125,-3.292022705078125,-3.354522705078125,-3.151397705078125,-2.104522705078125,-2.104522705078125,-1.948272705078125,-2.042022705078125,-2.463897705078125,-2.463897705078125,-3.120147705078125,-3.526397705078125,-3.682647705078125
15.207977294921875,15.207977294921875,15.207977294921875,13.442352294921875,11.989227294921875,11.754852294921875,10.926727294921875,10.926727294921875,9.411102294921875,10.864227294921875,12.239227294921875,15.567352294921875,15.567352294921875,15.348602294921875,12.942352294921875,10.645477294921875,9.786102294921875,9.786102294921875,8.911102294921875,7.973602294921875,5.848602294921875,5.848602294921875,4.286102294921875,3.286102294921875,2.317352294921875,1.504852294921875,1.504852294921875,0.051727294921875,-1.588897705078125,-2.635772705078125,-3.292022705078125,-3.292022705078125,-3.354522705078125,-3.151397705078125,-2.104522705078125,-2.104522705078125,-1.948272705078125,-2.042022705078125,-2.463897705078125,-3.120147705078125,-3.120147705078125,-3.526397705078125,-3.682647705078125
15.207977294921875,15.207977294921875,15.207977294921875,13.442352294921875,11.989227294921875,11.754852294921875,10.926727294921875,10.926727294921875,9.411102294921875,10.864227294921875,12.239227294921875,15.567352294921875,15.567352294921875,15.348602294921875,12.942352294921875,10.645477294921875,9.786102294921875,9.786102294921875,8.911102294921875,7.973602294921875,5.848602294921875,4.286102294921875,4.286102294921875,3.286102294921875,2.317352294921875,1.504852294921875,1.504852294921875,0.051727294921875,-1.588897705078125,-2.635772705078125,-3.292022705078125,-3.292022705078125,-3.354522705078125,-3.151397705078125,-2.104522705078125,-1.948272705078125,-1.948272705078125,-2.042022705078125,-2.463897705078125,-3.120147705078125,-3.526397705078125,-3.526397705078125,-3.682647705078125
15.207977294921875,15.207977294921875,15.207977294921875,13.442352294921875,11.989227294921875,11.754852294921875,10.926727294921875,10.926727294921875,9.411102294921875,10.864227294921875,12.239227294921875,15.567352294921875,15.567352294921875,15.348602294921875,12.942352294921875,10.645477294921875,9.786102294921875,9.786102294921875,8.911102294921875,7.973602294921875,5.848602294921875,4.286102294921875,4.286102294921875,3.286102294921875,2.317352294921875,1.504852294921875,0.051727294921875,0.051727294921875,-1.588897705078125,-2.635772705078125,-3.292022705078125,-3.354522705078125,-3.354522705078125,-3.151397705078125,-2.104522705078125,-1.948272705078125,-2.042022705078125,-2.042022705078125,-2.463897705078125,-3.120147705078125,-3.526397705078125,-3.682647705078125,-3.682647705078125
15.207977294921875,15.207977294921875,15.207977294921875,13.442352294921875,11.989227294921875,11.754852294921875,10.926727294921875,10.926727294921875,9.411102294921875,10.864227294921875,12.239227294921875,15.567352294921875,15.567352294921875,15.348602294921875,12.942352294921875,10.645477294921875,9.786102294921875,9.786102294921875,8.911102294921875,7.973602294921875,5.848602294921875,4.286102294921875,3.286102294921875,3.286102294921875,2.317352294921875,1.504852294921875,0.051727294921875,-1.588897705078125,-1.588897705078125,-2.635772705078125,-3.292022705078125,-3.354522705078125,-3.151397705078125,-3.151397705078125,-2.104522705078125,-1.948272705078125,-2.042022705078125,-2.463897705078125,-2.463897705078125,-3.120147705078125,-3.526397705078125,-3.682647705078125,-3.401397705078125
15.207977294921875,15.207977294921875,15.207977294921875,13.442352294921875,11.989227294921875,11.754852294921875,10.926727294921875,10.926727294921875,9.411102294921875,10.864227294921875,12.239227294921875,15.567352294921875,15.348602294921875,15.348602294921875,12.942352294921875,10.645477294921875,9.786102294921875,8.911102294921875,8.911102294921875,7.973602294921875,5.848602294921875,4.286102294921875,3.286102294921875,3.286102294921875,2.317352294921875,1.504852294921875,0.051727294921875,-1.588897705078125,-1.588897705078125,-2.635772705078125,-3.292022705078125,-3.354522705078125,-3.151397705078125,-3.151397705078125,-2.104522705078125,-1.948272705078125,-2.042022705078125,-2.463897705078125,-3.120147705078125,-3.120147705078125,-3.526397705078125,-3.682647705078125,-3.401397705078125
15.207977294921875,15.207977294921875,15.207977294921875,13.442352294921875,11.989227294921875,11.754852294921875,10.926727294921875,9.411102294921875,9.411102294921875,10.864227294921875,12.239227294921875,15.567352294921875,15.348602294921875,15.348602294921875,12.942352294921875,10.645477294921875,9.786102294921875,8.911102294921875,8.911102294921875,7.973602294921875,5.848602294921875,4.286102294921875,3.286102294921875,2.317352294921875,2.317352294921875,1.504852294921875,0.051727294921875,-1.588897705078125,-2.635772705078125,-2.635772705078125,-3.292022705078125,-3.354522705078125,-3.151397705078125,-2.104522705078125,-2.104522705078125,-1.948272705078125,-2.042022705078125,-2.463897705078125,-3.120147705078125,-3.526397705078125,-3.526397705078125,-3.682647705078125,-3.401397705078125
15.207977294921875,15.207977294921875,15.207977294921875,13.442352294921875,11.989227294921875,11.754852294921875,10.926727294921875,9.411102294921875,9.411102294921875,10.864227294921875,12.239227294921875,15.567352294921875,15.348602294921875,15.348602294921875,12.942352294921875,10.645477294921875,9.786102294921875,8.911102294921875,7.973602294921875,7.973602294921875,5.848602294921875,4.286102294921875,3.286102294921875,2.317352294921875,2.317352294921875,1.504852294921875,0.051727294921875,-1.588897705078125,-2.635772705078125,-3.292022705078125,-3.292022705078125,-3.354522705078125,-3.151397705078125,-2.104522705078125,-1.948272705078125,-1.948272705078125,-2.042022705078125,-2.463897705078125,-3.120147705078125,-3.526397705078125,-3.682647705078125,-3.682647705078125,-3.401397705078125
15.207977294921875,15.207977294921875,15.207977294921875,13.442352294921875,11.989227294921875,11.754852294921875,10.926727294921875,9.411102294921875,9.411102294921875,10.864227294921875,12.239227294921875,15.567352294921875,15.348602294921875,15.348602294921875,12.942352294921875,10.645477294921875,9.786102294921875,8.911102294921875,7.973602294921875,7.973602294921875,5.848602294921875,4.286102294921875,3.286102294921875,2.317352294921875,1.504852294921875,1.504852294921875,0.051727294921875,-1.588897705078125,-2.635772705078125,-3.292022705078125,-3.292022705078125,-3.354522705078125,-3.151397705078125,-2.104522705078125,-1.948272705078125,-2.042022705078125,-2.042022705078125,-2.463897705078125,-3.120147705078125,-3.526397705078125,-3.682647705078125,-3.401397705078125,-3.401397705078125
15.207977294921875,15.207977294921875,15.207977294921875,13.442352294921875,11.989227294921875,11.754852294921875,10.926727294921875,9.411102294921875,9.411102294921875,10.864227294921875,12.239227294921875,15.567352294921875,15.348602294921875,12.942352294921875,12.942352294921875,10.645477294921875,9.786102294921875,8.911102294921875,7.973602294921875,7.973602294921875,5.848602294921875,4.286102294921875,3.286102294921875,2.317352294921875,1.504852294921875,1.504852294921875,0.051727294921875,-1.588897705078125,-2.635772705078125,-3.292022705078125,-3.354522705078125,-3.354522705078125,-3.151397705078125,-2.104522705078125,-1.948272705078125,-2.042022705078125,-2.463897705078125,-2.463897705078125,-3.120147705078125,-3.526397705078125,-3.682647705078125,-3.401397705078125,-2.932647705078125
15.207977294921875,15.207977294921875,15.207977294921875,13.442352294921875,11.989227294921875,11.754852294921875,10.926727294921875,9.411102294921875,9.411102294921875,10.864227294921875,12.239227294921875,15.567352294921875,15.348602294921875,12.942352294921875,12.942352294921875,10.645477294921875,9.786102294921875,8.911102294921875,7.973602294921875,5.848602294921875,5.848602294921875,4.286102294921875,3.286102294921875,2.317352294921875,1.504852294921875,0.051727294921875,0.051727294921875,-1.588897705078125,-2.635772705078125,-3.292022705078125,-3.354522705078125,-3.151397705078125,-3.151397705078125,-2.104522705078125,-1.948272705078125,-2.042022705078125,-2.463897705078125,-3.120147705078125,-3.120147705078125,-3.526397705078125,-3.682647705078125,-3.401397705078125,-2.932647705078125
15.207977294921875,15.207977294921875,15.207977294921875,13.442352294921875,11.989227294921875,11.754852294921875,10.926727294921875,9.411102294921875,9.411102294921875,10.864227294921875,12.239227294921875,15.567352294921875,15.348602294921875,12.942352294921875,12.942352294921875,10.645477294921875,9.786102294921875,8.911102294921875,7.973602294921875,5.848602294921875,4.286102294921875,4.286102294921875,3.286102294921875,2.317352294921875,1.504852294921875,0.051727294921875,-1.588897705078125,-1.588897705078125,-2.635772705078125,-3.292022705078125,-3.354522705078125,-3.151397705078125,-2.104522705078125,-2.104522705078125,-1.948272705078125,-2.042022705078125,-2.463897705078125,-3.120147705078125,-3.526397705078125,-3.526397705078125,-3.682647705078125,-3.401397705078125,-2.932647705078125
15.207977294921875,15.207977294921875,15.207977294921875,13.442352294921875,11.989227294921875,11.754852294921875,10.926727294921875,9.411102294921875,9.411102294921875,10.864227294921875,12.239227294921875,15.567352294921875,15.348602294921875,12.942352294921875,10.645477294921875,10.645477294921875,9.786102294921875,8.911102294921875,7.973602294921875,5.848602294921875,4.286102294921875,4.286102294921875,3.286102294921875,2.317352294921875,1.504852294921875,0.051727294921875,-1.588897705078125,-2.635772705078125,-2.635772705078125,-3.292022705078125,-3.354522705078125,-3.151397705078125,-2.104522705078125,-1.948272705078125,-1.948272705078125,-2.042022705078125,-2.463897705078125,-3.120147705078125,-3.526397705078125,-3.682647705078125,-3.682647705078125,-3.401397705078125,-2.932647705078125
