lessons/derecho-2022/jet/test/narr_jet_500mb_20220512_00z_NA_leaflet_velocity.json
{"header": {"parameterCategory": 2, "parameterNumber": 3, "parameterNumberName": "v-wind 500mb", "parameterUnit": "m/s", "nx": 141, "ny": 81, "lo1": -130.0, "la1": 60.0, "dx": 0.5, "dy": 0.5, "refTime": "2022-05-12T00:00:00", "gridUnits": "degrees"}, "data":
[rows 38 to 56 of 81, columns 43 to 85 of 141]
22.829940795898438,22.829940795898438,20.828750610351562,18.639934539794922,16.58677101135254,14.662331581115723,13.32802677154541,12.71777057647705,13.056832313537598,13.844025611877441,15.316597938537598,15.887022018432617,16.289072036743164,16.647235870361328,17.208921432495117,17.421974182128906,17.400238037109375,16.081451416015625,14.775053977966309,13.081013679504395,12.09082317352295,10.715096473693848,9.834830284118652,9.140782356262207,8.855918884277344,9.536523818969727,10.606305122375488,12.161267280578613,14.34099292755127,15.927606582641602,15.462258338928223,14.384984970092773,12.495882034301758,9.508726119995117,7.929306507110596,6.686379432678223,5.810770511627197,4.738669395446777,4.098674774169922,2.8350017070770264,1.3833258152008057,0.19384287297725677,-0.9878528118133545
22.970565795898438,22.970565795898438,20.11302947998047,17.14169692993164,15.13966178894043,14.331369400024414,13.182952880859375,12.255927085876465,12.070056915283203,12.659242630004883,14.110382080078125,15.427689552307129,16.00109100341797,16.25124740600586,16.649463653564453,16.93691635131836,16.783828735351562,15.741558074951172,14.005391120910645,12.014994621276855,10.857945442199707,10.100724220275879,9.479859352111816,9.048726081848145,8.775705337524414,8.914641380310059,10.329875946044922,11.902270317077637,13.137861251831055,14.34553337097168,13.113838195800781,11.729389190673828,10.070981979370117,8.00374984741211,6.698368549346924,5.736921310424805,4.929378032684326,3.934950113296509,3.2960708141326904,2.5029890537261963,0.4719387888908386,-1.182801604270935,-1.9543533325195312
20.720565795898438,20.720565795898438,19.127826690673828,17.381399154663086,15.1829195022583,13.80201244354248,12.982075691223145,12.014856338500977,12.728401184082031,13.103703498840332,14.377535820007324,15.080116271972656,16.018796920776367,16.28329086303711,16.444841384887695,16.441335678100586,15.806021690368652,14.479460716247559,12.989422798156738,11.26196575164795,10.417481422424316,9.876383781433105,9.45664119720459,8.887545585632324,8.622934341430664,8.766427993774414,9.314098358154297,11.111291885375977,11.982728004455566,11.763240814208984,11.5151948928833,10.373919486999512,8.493194580078125,6.515726089477539,5.474307537078857,4.883845329284668,4.315280914306641,3.19814133644104,1.9746023416519165,1.0330623388290405,-0.00519565399736166,-2.1212589740753174,-3.1693782806396484
21.158065795898438,21.158065795898438,19.637592315673828,17.663808822631836,15.509681701660156,13.007795333862305,12.526278495788574,12.155508995056152,13.41983699798584,14.383872985839844,15.496946334838867,15.746356964111328,16.039775848388672,16.392330169677734,16.416488647460938,16.080167770385742,15.263931274414062,13.708075523376465,12.437332153320312,11.059998512268066,9.868122100830078,9.200593948364258,8.838149070739746,8.562142372131348,8.376082420349121,8.536190032958984,9.128631591796875,9.622154235839844,10.882372856140137,9.893213272094727,8.872281074523926,7.9288105964660645,7.222625732421875,5.656815528869629,4.578892707824707,3.921583652496338,3.3957176208496094,2.9556212425231934,1.5014653205871582,-0.05498155951499939,-1.6727339029312134,-2.6921303272247314,-3.9468400478363037
21.158065795898438,21.158065795898438,19.644853591918945,17.288339614868164,15.356836318969727,13.338129997253418,12.075840950012207,12.738308906555176,13.987884521484375,15.019011497497559,16.113544464111328,16.200422286987305,16.434114456176758,16.40705680847168,16.230438232421875,15.697644233703613,14.940454483032227,12.440518379211426,11.284942626953125,10.631217956542969,9.824162483215332,8.872880935668945,8.359302520751953,8.09013557434082,8.157641410827637,8.35275936126709,8.883075714111328,9.155585289001465,9.161096572875977,8.451458930969238,7.494812965393066,6.514154434204102,5.741137981414795,4.7753520011901855,4.096310138702393,3.5472705364227295,2.8169689178466797,2.0539369583129883,1.0167330503463745,-0.8366827368736267,-2.8880176544189453,-4.027511119842529,-5.026983737945557
21.673690795898438,21.673690795898438,20.354957580566406,17.083593368530273,14.950474739074707,13.602176666259766,13.008957862854004,13.70835018157959,14.449769020080566,15.037823677062988,15.41403865814209,15.563030242919922,15.927923202514648,16.38902473449707,15.62530517578125,14.316364288330078,12.985860824584961,12.324325561523438,11.033565521240234,10.221213340759277,9.134459495544434,8.651843070983887,8.07187271118164,7.844086647033691,7.881017208099365,8.230025291442871,8.572131156921387,8.589210510253906,8.210984230041504,7.227845191955566,5.540333271026611,4.926588535308838,4.4338297843933105,3.909644603729248,3.1613399982452393,2.7788681983947754,2.3437304496765137,1.547205924987793,0.5107457041740417,-1.060357689857483,-3.4002881050109863,-4.525973796844482,-5.6727471351623535
24.767440795898438,24.767440795898438,23.282800674438477,21.219406127929688,15.325730323791504,13.767692565917969,13.689517974853516,14.460996627807617,14.76475715637207,14.800393104553223,14.820649147033691,15.233694076538086,15.703495025634766,16.034530639648438,15.677184104919434,13.912156105041504,12.290946960449219,11.459933280944824,10.7734375,9.868745803833008,8.711710929870605,8.247123718261719,7.90822696685791,7.757385730743408,7.688419342041016,7.858543872833252,8.258180618286133,7.402708530426025,6.721681118011475,5.717652320861816,4.249186038970947,3.2909677028656006,2.8203136920928955,2.7369778156280518,2.6020827293395996,2.2513601779937744,1.6931936740875244,0.8965536952018738,-0.004570623394101858,-1.0874223709106445,-3.2238004207611084,-5.392480850219727,-6.317050457000732
21.626815795898438,21.626815795898438,19.9144229888916,18.3089656829834,17.431629180908203,15.106529235839844,14.12468147277832,14.779623031616211,15.716659545898438,15.778830528259277,15.468026161193848,15.452061653137207,16.112716674804688,16.053630828857422,14.462322235107422,13.497912406921387,11.99453353881836,11.092890739440918,10.39072322845459,9.750661849975586,8.710658073425293,8.171975135803223,7.909652233123779,7.723976135253906,7.629652976989746,7.534993648529053,7.444232940673828,6.7795305252075195,5.711132049560547,4.376756191253662,2.904733896255493,2.273916006088257,1.8775112628936768,1.3526437282562256,1.4974206686019897,1.4298946857452393,1.0651311874389648,0.31019219756126404,-0.7066788077354431,-1.8739418983459473,-3.8850595951080322,-5.631526470184326,-6.762052536010742
19.658065795898438,19.658065795898438,18.09355354309082,16.655929565429688,16.588420867919922,16.15086555480957,15.73650074005127,16.03371810913086,16.154958724975586,15.989481925964355,15.71834945678711,16.228883743286133,16.203243255615234,15.943419456481934,14.187597274780273,12.691164016723633,11.558451652526855,10.612789154052734,9.841545104980469,9.378509521484375,8.873542785644531,8.179252624511719,7.840785503387451,7.626160621643066,7.391414642333984,7.182403564453125,6.612880706787109,5.774114608764648,4.503239154815674,3.5584475994110107,1.868914246559143,1.1298048496246338,0.7633024454116821,0.5669621229171753,0.5351245999336243,0.5736212134361267,0.3179941177368164,-0.2348860204219818,-0.9781032204627991,-2.150822162628174,-3.9582254886627197,-6.0257792472839355,-7.18265962600708
20.876815795898438,20.876815795898438,19.038700103759766,17.184268951416016,15.794387817382812,14.575579643249512,14.46817684173584,14.809871673583984,15.09660530090332,15.306089401245117,15.46695327758789,16.48155975341797,16.53813934326172,16.03986358642578,14.465859413146973,11.906415939331055,10.853875160217285,9.935327529907227,9.169583320617676,8.660354614257812,8.27299690246582,7.931962013244629,7.665096282958984,7.146812915802002,6.579309463500977,6.289114952087402,5.8245038986206055,4.787299156188965,3.4626548290252686,2.246126890182495,1.3473187685012817,0.6461641192436218,0.06400302052497864,-0.3466901481151581,-0.5419784188270569,-0.4230668246746063,-0.5060019493103027,-1.0625927448272705,-1.7788108587265015,-2.635122299194336,-3.9859046936035156,-5.721365928649902,-7.713365077972412
19.939315795898438,19.939315795898438,18.898357391357422,17.426513671875,15.982645034790039,14.556507110595703,13.960280418395996,14.151971817016602,14.304739952087402,14.738831520080566,15.33174991607666,16.621734619140625,16.000205993652344,15.221234321594238,14.099565505981445,11.501032829284668,9.797183990478516,8.98096752166748,8.762807846069336,8.458230972290039,7.976171970367432,7.415300369262695,6.940828323364258,6.4695563316345215,5.829603672027588,5.422407150268555,4.856452465057373,3.897517442703247,3.0349485874176025,1.8913172483444214,0.6977329850196838,-0.26619473099708557,-0.8585650324821472,-1.1255782842636108,-1.548030138015747,-1.5344265699386597,-1.591346263885498,-1.7270615100860596,-2.114614963531494,-3.0142812728881836,-4.3488359451293945,-5.527648448944092,-7.561124801635742
20.798690795898438,20.798690795898438,18.959396362304688,16.076383590698242,14.713627815246582,13.976493835449219,13.364174842834473,13.346339225769043,13.37757682800293,14.313619613647461,14.861485481262207,16.142736434936523,15.567724227905273,14.1639404296875,12.471564292907715,10.758100509643555,9.461287498474121,8.511872291564941,7.70261287689209,7.710909366607666,7.491813659667969,7.065774440765381,6.524619102478027,5.7707366943359375,4.991087913513184,4.4480671882629395,3.968885898590088,3.1427741050720215,1.9082794189453125,1.162214994430542,0.1358007937669754,-0.8028782606124878,-1.4869880676269531,-2.1069159507751465,-2.2833073139190674,-2.4424731731414795,-2.6570374965667725,-2.6765928268432617,-2.8142664432525635,-3.3704781532287598,-4.712676525115967,-6.279688835144043,-7.708296775817871
20.798690795898438,20.798690795898438,17.124298095703125,15.510573387145996,13.755119323730469,13.044118881225586,12.53631591796875,12.467796325683594,12.349835395812988,12.883387565612793,14.156987190246582,14.7125244140625,14.369365692138672,13.31308364868164,11.749222755432129,9.492323875427246,8.113275527954102,7.485618591308594,7.325547695159912,7.199860572814941,6.976833820343018,6.40631103515625,5.651436805725098,4.9235663414001465,4.293890476226807,3.3946053981781006,2.903114080429077,2.164353609085083,1.3845559358596802,0.5578701496124268,-0.8620907068252563,-1.554832935333252,-2.0876963138580322,-2.7617619037628174,-3.1810920238494873,-3.382523775100708,-3.4947988986968994,-3.3265836238861084,-3.433161735534668,-3.8401529788970947,-5.128616809844971,-6.517109394073486,-8.144340515136719
18.173690795898438,18.173690795898438,16.966917037963867,15.74039363861084,14.033214569091797,13.187220573425293,12.604679107666016,12.105833053588867,11.88680362701416,11.976475715637207,12.415155410766602,13.449668884277344,12.550328254699707,11.267077445983887,9.921125411987305,8.795141220092773,7.645679473876953,6.910609722137451,6.592659950256348,6.338070869445801,6.137559413909912,5.7012200355529785,4.7461419105529785,3.937052011489868,3.178574323654175,2.7431414127349854,2.399660348892212,1.211023211479187,0.3446391820907593,-0.40274518728256226,-1.4073584079742432,-2.3258473873138428,-2.84137225151062,-3.2562882900238037,-3.611341953277588,-3.871865749359131,-4.072823524475098,-4.113853931427002,-4.014914512634277,-4.3310699462890625,-5.3736371994018555,-7.350543975830078,-8.811667442321777
17.392440795898438,17.392440795898438,16.376815795898438,15.963831901550293,15.213796615600586,13.778964042663574,12.37287425994873,11.550477027893066,11.165117263793945,10.779403686523438,11.001605033874512,11.56521987915039,11.468316078186035,10.548471450805664,9.292398452758789,7.908506393432617,6.304629802703857,5.791698455810547,5.6596455574035645,5.585768699645996,5.3316731452941895,4.63295841217041,3.9595072269439697,3.1997311115264893,2.385864019393921,1.7461082935333252,1.4326183795928955,0.9072389006614685,-0.3383248746395111,-1.2110847234725952,-1.9998805522918701,-2.8936712741851807,-3.3551979064941406,-3.7474005222320557,-4.290560245513916,-4.505469799041748,-4.595385551452637,-4.753941535949707,-4.674991130828857,-4.988469123840332,-5.895345211029053,-7.775775909423828,-9.423121452331543
17.392440795898438,17.392440795898438,16.376815795898438,16.376815795898438,14.033065795898438,12.798690795898438,12.798690795898438,12.204940795898438,11.579940795898438,11.642440795898438,11.642440795898438,9.27831745147705,8.31006145477295,6.688704967498779,5.833670139312744,5.4482645988464355,5.205881118774414,5.600948810577393,5.804749965667725,4.924810409545898,3.0804288387298584,1.9770745038986206,2.7297675609588623,2.1265861988067627,1.6899657249450684,1.3218141794204712,0.9201158881187439,0.38172516226768494,-1.1078739166259766,-2.222856044769287,-2.8582139015197754,-3.857356548309326,-4.25501012802124,-4.444553852081299,-4.710960865020752,-4.968756675720215,-5.11194372177124,-5.140570163726807,-4.944808006286621,-5.269693374633789,-6.340738773345947,-8.232809066772461,-10.078855514526367
17.392440795898438,17.392440795898438,16.376815795898438,16.376815795898438,14.033065795898438,12.798690795898438,12.798690795898438,12.204940795898438,11.579940795898438,11.642440795898438,11.642440795898438,11.954940795898438,11.392440795898438,9.923690795898438,9.923690795898438,7.9549407958984375,5.6736907958984375,5.1111907958984375,5.1111907958984375,2.5928030014038086,1.1070787906646729,0.1168631985783577,-0.26858848333358765,-0.3033924996852875,0.13128343224525452,-0.5558077096939087,-2.4098401069641113,-2.778825283050537,-2.5471630096435547,-3.2144365310668945,-2.967148542404175,-4.801226615905762,-4.876309394836426,-4.93726110458374,-5.156949520111084,-5.439492702484131,-5.506435871124268,-5.512017726898193,-5.594429969787598,-5.902568340301514,-6.801656246185303,-8.289563179016113,-10.984151840209961
17.392440795898438,17.392440795898438,16.376815795898438,16.376815795898438,14.033065795898438,12.798690795898438,12.798690795898438,12.204940795898438,11.579940795898438,11.642440795898438,11.642440795898438,11.954940795898438,11.392440795898438,9.923690795898438,9.923690795898438,7.9549407958984375,5.6736907958984375,5.1111907958984375,5.1111907958984375,5.2986907958984375,4.8768157958984375,3.4393157958984375,3.4393157958984375,2.2205657958984375,1.5330657958984375,1.0330657958984375,1.0330657958984375,-4.361824035644531,-5.5931291580200195,-5.985441207885742,-5.716769218444824,-6.036425590515137,-7.900108814239502,-7.507579803466797,-8.156394004821777,-8.377034187316895,-8.77092456817627,-5.943551540374756,-5.952178955078125,-6.331993103027344,-7.360721588134766,-8.913285255432129,-10.575873374938965
17.392440795898438,17.392440795898438,16.376815795898438,16.376815795898438,14.033065795898438,12.798690795898438,12.204940795898438,12.204940795898438,11.579940795898438,11.642440795898438,11.954940795898438,11.954940795898438,11.392440795898438,9.923690795898438,7.9549407958984375,7.9549407958984375,5.6736907958984375,5.1111907958984375,5.2986907958984375,5.2986907958984375,4.8768157958984375,3.4393157958984375,2.2205657958984375,2.2205657958984375,1.5330657958984375,1.0330657958984375,0.2361907958984375,0.2361907958984375,-2.0294342041015625,-3.7481842041015625,-4.6075592041015625,-4.6075592041015625,-5.0450592041015625,-5.1388092041015625,-10.028190612792969,-11.277298927307129,-11.608390808105469,-11.517043113708496,-12.958885192871094,-13.029841423034668,-13.692538261413574,-11.905160903930664,-11.439535140991211
