lessons/derecho-2022/jet/test/narr_jet_500mb_20220512_00z_NA_leaflet_velocity.json
{"header": {"parameterCategory": 2, "parameterNumber": 2, "parameterNumberName": "u-wind 500mb", "parameterUnit": "m/s", "nx": 141, "ny": 81, "lo1": -130.0, "la1": 60.0, "dx": 0.5, "dy": 0.5, "refTime": "2022-05-12T00:00:00", "gridUnits": "degrees"}, "data":
[rows 19 to 37 of 81, columns 43 to 85 of 141]
13.861679077148438,14.188461303710938,13.894661903381348,13.358314514160156,13.152117729187012,12.961185455322266,12.16349983215332,12.270671844482422,12.125158309936523,13.356698036193848,13.8741455078125,15.115649223327637,15.54875659942627,15.888646125793457,16.875898361206055,17.638994216918945,18.59490394592285,19.34079360961914,21.409929275512695,22.98264503479004,23.78957176208496,24.491674423217773,25.465648651123047,26.121416091918945,26.13150405883789,26.241172790527344,26.231966018676758,26.680233001708984,26.95085334777832,27.212392807006836,27.493255615234375,27.966548919677734,28.666526794433594,29.233287811279297,29.78034019470215,30.454736709594727,30.817970275878906,30.777761459350586,30.899259567260742,30.610305786132812,30.28584861755371,29.96352767944336,29.655744552612305
13.861679077148438,12.22945785522461,11.602346420288086,11.290477752685547,10.980146408081055,11.428827285766602,11.332047462463379,13.848898887634277,14.216657638549805,15.38928508758545,16.154205322265625,16.47920799255371,16.92061424255371,16.18012809753418,16.457117080688477,16.731224060058594,17.85407257080078,18.588666915893555,21.27777099609375,24.34212875366211,25.183349609375,25.764972686767578,25.701845169067383,26.0849609375,26.083707809448242,26.069334030151367,26.008968353271484,26.020723342895508,26.3467960357666,26.752870559692383,27.02304458618164,27.409250259399414,27.87969207763672,28.553077697753906,29.012184143066406,29.369464874267578,29.981216430664062,30.129480361938477,29.54646873474121,29.5362491607666,29.266054153442383,28.7901554107666,27.62747573852539
10.689804077148438,9.969337463378906,9.702438354492188,9.942004203796387,9.729119300842285,10.96835708618164,11.767351150512695,14.376899719238281,17.460769653320312,18.375173568725586,19.11882781982422,18.24842071533203,17.496179580688477,16.33600425720215,16.711849212646484,17.88043785095215,20.137773513793945,22.355695724487305,23.1695613861084,24.43341827392578,24.60760498046875,24.63408088684082,23.98002052307129,24.386484146118164,24.648696899414062,25.321985244750977,25.245677947998047,25.432077407836914,25.47023582458496,25.97446060180664,26.37390899658203,26.53212547302246,26.771114349365234,27.114065170288086,27.33586311340332,27.642900466918945,27.865720748901367,28.46677017211914,27.459117889404297,26.39930534362793,26.008277893066406,25.89620018005371,25.623851776123047
8.533554077148438,8.093832969665527,7.410304069519043,8.288983345031738,9.608646392822266,11.494373321533203,13.822551727294922,16.03370475769043,18.491456985473633,18.95083999633789,19.11625099182129,18.43871307373047,18.0082950592041,17.752765655517578,18.504262924194336,19.622873306274414,20.276901245117188,21.279991149902344,20.663246154785156,21.262001037597656,21.501205444335938,22.561445236206055,22.398569107055664,22.762727737426758,23.074304580688477,23.71693229675293,24.378799438476562,24.719175338745117,25.009078979492188,25.221542358398438,25.448623657226562,25.599014282226562,25.60845375061035,25.761699676513672,25.789461135864258,25.6500244140625,25.466096878051758,25.16347312927246,25.058048248291016,24.348617553710938,23.73249053955078,22.863801956176758,22.76753044128418
6.7835540771484375,7.136463165283203,8.669899940490723,10.080435752868652,11.391555786132812,13.124282836914062,15.065455436706543,16.10964584350586,17.0764102935791,17.707210540771484,18.070581436157227,18.082975387573242,17.909555435180664,17.801803588867188,17.697784423828125,18.18867301940918,18.321191787719727,18.928037643432617,19.002872467041016,19.125076293945312,19.298627853393555,19.829530715942383,20.99967384338379,21.784950256347656,22.34731674194336,22.985946655273438,23.579059600830078,24.065324783325195,24.237590789794922,24.365602493286133,24.42567253112793,24.547880172729492,24.622631072998047,24.109006881713867,24.041893005371094,24.22908592224121,24.434057235717773,23.15087890625,21.94635581970215,21.727617263793945,21.348047256469727,21.01128387451172,20.267736434936523
8.439804077148438,8.521771430969238,9.783357620239258,10.952616691589355,12.018393516540527,13.511903762817383,15.178232192993164,15.825987815856934,16.499759674072266,16.953330993652344,17.08480453491211,16.78565788269043,16.563491821289062,16.394392013549805,16.755680084228516,16.897336959838867,17.258026123046875,17.332000732421875,17.466899871826172,17.7938289642334,18.402849197387695,18.949106216430664,19.578903198242188,20.4696102142334,21.135154724121094,21.355928421020508,21.45891571044922,21.62274932861328,22.41566276550293,22.63453483581543,22.229557037353516,22.428606033325195,22.773836135864258,22.52174949645996,21.119535446166992,20.523143768310547,20.346649169921875,20.03730010986328,19.176618576049805,19.22611427307129,19.363033294677734,19.271333694458008,19.35531997680664
10.971054077148438,10.50048542022705,11.500288963317871,12.236098289489746,12.869012832641602,13.686148643493652,14.82065200805664,15.664715766906738,16.206401824951172,16.42089080810547,16.57033920288086,16.33844566345215,16.038928985595703,15.73151683807373,15.953271865844727,16.193435668945312,16.493633270263672,16.56590461730957,16.670896530151367,16.908008575439453,17.339584350585938,17.76824951171875,18.085357666015625,18.502084732055664,18.99519157409668,19.425207138061523,17.835155487060547,17.601240158081055,18.423303604125977,19.74262046813965,19.787914276123047,19.70224952697754,19.541715621948242,19.135234832763672,18.7632999420166,18.3214168548584,18.093353271484375,17.941944122314453,18.524564743041992,18.277353286743164,18.34497833251953,18.703880310058594,19.226394653320312
12.361679077148438,11.919097900390625,12.909610748291016,13.975945472717285,14.778655052185059,14.963823318481445,15.489275932312012,15.5856351852417,16.15302085876465,16.220426559448242,16.140613555908203,15.983930587768555,15.962608337402344,15.744678497314453,15.920694351196289,16.027738571166992,16.14487075805664,15.986200332641602,15.808233261108398,15.771360397338867,15.973944664001465,16.501651763916016,16.304113388061523,15.811253547668457,15.501053810119629,15.640640258789062,15.097269058227539,14.20974349975586,14.686264038085938,15.32620906829834,16.90070915222168,17.823413848876953,18.036165237426758,18.025901794433594,18.1951961517334,18.40836524963379,18.875911712646484,18.618558883666992,19.284940719604492,20.201337814331055,20.260419845581055,19.969886779785156,19.456558227539062
12.361679077148438,13.269071578979492,14.56609058380127,15.881604194641113,16.668842315673828,16.29587173461914,16.35259246826172,16.361907958984375,16.266685485839844,16.139205932617188,15.984853744506836,15.720932960510254,15.767939567565918,15.83460807800293,15.991985321044922,15.980647087097168,16.00033187866211,15.727493286132812,15.336106300354004,14.67257022857666,14.277621269226074,14.02542495727539,14.32420539855957,14.05197811126709,13.44213581085205,11.983349800109863,10.451192855834961,11.208961486816406,11.74014949798584,12.442928314208984,13.264460563659668,15.871430397033691,16.94688606262207,17.246944427490234,17.830209732055664,18.55924415588379,19.58675193786621,20.448366165161133,21.695894241333008,21.90195083618164,21.48944091796875,20.37313461303711,19.648208618164062
14.080429077148438,14.525185585021973,16.562179565429688,17.570775985717773,17.954334259033203,17.624813079833984,16.81607437133789,16.638713836669922,16.42013168334961,16.043622970581055,15.85791015625,15.652813911437988,15.797150611877441,15.901686668395996,16.063663482666016,15.9398832321167,15.652867317199707,15.40672779083252,15.011343002319336,14.340363502502441,13.680854797363281,13.148653984069824,11.401180267333984,11.111659049987793,10.139561653137207,9.655938148498535,6.568233966827393,6.728513240814209,8.026046752929688,9.131552696228027,10.529671669006348,12.446609497070312,15.20386028289795,16.260393142700195,16.234649658203125,17.403587341308594,18.60197639465332,18.930957794189453,18.50412368774414,19.65241050720215,20.098634719848633,19.773767471313477,18.984941482543945
14.830429077148438,14.449969291687012,15.67415714263916,16.993877410888672,17.59625816345215,17.52079963684082,17.068180084228516,16.6109619140625,16.19649314880371,15.660839080810547,15.58680534362793,15.60147762298584,15.94937801361084,16.212900161743164,16.37700843811035,16.5538330078125,16.527387619018555,16.05213737487793,15.633096694946289,15.053449630737305,13.285764694213867,12.337446212768555,10.804847717285156,9.028650283813477,7.185774326324463,5.783000946044922,4.772466659545898,4.516315937042236,5.266268253326416,7.062567710876465,8.679944038391113,10.414482116699219,12.01021671295166,14.303102493286133,14.249361038208008,14.478870391845703,15.478415489196777,15.851542472839355,15.912800788879395,16.367141723632812,16.91160011291504,17.125484466552734,17.31258201599121
11.830429077148438,11.784090995788574,12.670491218566895,14.11013126373291,16.33056640625,16.900165557861328,16.79001808166504,16.056751251220703,15.544697761535645,15.258466720581055,15.54521656036377,15.879733085632324,16.20170021057129,16.519519805908203,16.78835678100586,17.217788696289062,17.448280334472656,17.433059692382812,16.71011734008789,16.08281898498535,14.967100143432617,12.604238510131836,10.69503116607666,9.420940399169922,7.527024269104004,6.006555080413818,4.972019195556641,5.450133323669434,5.847527980804443,6.860875606536865,8.130634307861328,9.599003791809082,10.714799880981445,11.491314888000488,12.406145095825195,12.553982734680176,12.807086944580078,12.719907760620117,12.953845977783203,13.296411514282227,13.421891212463379,13.41438102722168,13.7754487991333
6.8929290771484375,7.52086877822876,9.291759490966797,10.830484390258789,11.83398723602295,14.03129768371582,15.441258430480957,15.408500671386719,15.092680931091309,14.836125373840332,15.315924644470215,15.827377319335938,16.372190475463867,16.81650161743164,17.208772659301758,17.740093231201172,18.130615234375,18.3176326751709,18.28029441833496,17.433271408081055,16.645280838012695,15.531169891357422,12.503579139709473,10.901007652282715,10.167415618896484,9.818894386291504,8.69259262084961,7.853435039520264,7.752612590789795,8.24524211883545,9.081782341003418,9.958144187927246,10.938443183898926,11.233003616333008,11.465651512145996,11.363983154296875,11.245321273803711,10.929256439208984,10.595273971557617,10.482426643371582,10.402252197265625,10.644103050231934,11.147990226745605
5.1741790771484375,5.672584533691406,6.927306175231934,8.000113487243652,9.334897994995117,10.98166561126709,12.904772758483887,14.339492797851562,14.137782096862793,13.856801986694336,14.380108833312988,15.218867301940918,16.258739471435547,16.911632537841797,17.481416702270508,18.19186782836914,18.75682830810547,19.063440322875977,19.15666961669922,19.057281494140625,18.564931869506836,17.882089614868164,16.961626052856445,14.322837829589844,12.812640190124512,12.426094055175781,13.025577545166016,12.270889282226562,10.656805992126465,10.29540729522705,10.795414924621582,11.332398414611816,11.903165817260742,12.10750675201416,11.815064430236816,11.2447509765625,10.400792121887207,9.930618286132812,9.36977767944336,8.85995101928711,8.5709810256958,7.57445764541626,7.526353359222412
5.7991790771484375,5.559573650360107,6.280064582824707,6.906747817993164,7.974269390106201,8.917435646057129,10.315683364868164,11.128747940063477,12.45518684387207,12.567795753479004,13.409220695495605,14.264130592346191,15.575515747070312,17.000774383544922,17.619260787963867,18.303743362426758,18.98124885559082,19.6261043548584,20.021286010742188,20.191295623779297,20.08082389831543,19.719003677368164,19.28097152709961,19.363346099853516,17.663597106933594,16.730003356933594,15.774527549743652,16.035606384277344,14.2800874710083,12.881203651428223,12.503326416015625,12.821528434753418,13.08011245727539,13.209296226501465,12.588203430175781,11.661823272705078,10.396958351135254,9.392497062683105,8.474621772766113,7.4027323722839355,6.7179365158081055,6.115994930267334,5.159484386444092
5.7991790771484375,4.287177562713623,6.267435073852539,6.274698734283447,6.681791305541992,7.319581985473633,8.13918685913086,8.773362159729004,9.30091381072998,10.583695411682129,12.322173118591309,13.418634414672852,14.713741302490234,16.052186965942383,17.658658981323242,18.1741886138916,18.729955673217773,19.37813377380371,20.162052154541016,20.74260711669922,21.093969345092773,21.30458641052246,21.175113677978516,21.150312423706055,20.886777877807617,19.929363250732422,18.553775787353516,17.621784210205078,16.522058486938477,15.147773742675781,14.050195693969727,13.94033145904541,13.81761646270752,13.755345344543457,12.959637641906738,12.113523483276367,10.634255409240723,9.358415603637695,8.381159782409668,7.39322566986084,5.832484722137451,4.861955165863037,4.143319129943848
5.7991790771484375,7.867880344390869,5.721717834472656,5.4189581871032715,5.050293922424316,4.702072620391846,5.677203178405762,6.711635112762451,7.581785202026367,8.166457176208496,10.288572311401367,12.509650230407715,13.83288860321045,14.868518829345703,15.956107139587402,17.400575637817383,18.195045471191406,18.966432571411133,20.23748207092285,20.777057647705078,21.162403106689453,21.445571899414062,21.725643157958984,21.856189727783203,21.438491821289062,20.98780059814453,19.264772415161133,17.875776290893555,16.830476760864258,15.944357872009277,14.845763206481934,14.279783248901367,14.156251907348633,13.418451309204102,12.50686264038086,11.649821281433105,10.73818302154541,8.452065467834473,7.296143054962158,6.5007429122924805,5.639750957489014,4.0492167472839355,3.1409108638763428
4.8148040771484375,12.070026397705078,4.381601333618164,3.975064277648926,3.496516704559326,2.903127670288086,2.3434362411499023,4.384086608886719,5.992043972015381,7.18225622177124,8.45523738861084,10.349729537963867,12.818297386169434,13.894187927246094,14.815556526184082,15.649223327636719,17.139829635620117,18.15204429626465,19.120315551757812,20.35039520263672,20.825023651123047,21.027339935302734,21.080577850341797,21.316909790039062,20.883560180664062,19.95308494567871,19.231992721557617,17.96856689453125,16.76862335205078,15.937938690185547,14.524858474731445,13.718067169189453,13.558917045593262,12.995474815368652,11.315389633178711,10.056349754333496,9.087507247924805,7.913634300231934,6.55833625793457,5.484525680541992,4.566258430480957,3.7495992183685303,2.625373601913452
3.7835540771484375,3.7835540771484375,3.1774182319641113,2.765740156173706,2.4010009765625,2.3549253940582275,2.425306797027588,2.774796485900879,4.355035305023193,6.227506160736084,7.627666473388672,9.039959907531738,10.712858200073242,12.705199241638184,13.885780334472656,14.832107543945312,16.728656768798828,17.840065002441406,18.646207809448242,19.12337303161621,20.032609939575195,20.27547264099121,19.77574348449707,19.63488006591797,19.419780731201172,18.195077896118164,16.660884857177734,16.267393112182617,15.48458480834961,14.859114646911621,13.997385025024414,12.823538780212402,12.44230842590332,11.6016263961792,10.799811363220215,9.110276222229004,7.527238368988037,6.479051113128662,5.7945876121521,4.8091912269592285,3.309584856033325,2.450082778930664,1.5597953796386719
