lessons/derecho-2022/jet/test/narr_jet_500mb_20220512_00z_NA_leaflet_velocity.json
{"header": {"parameterCategory": 2, "parameterNumber": 3, "parameterNumberName": "v-wind 500mb", "parameterUnit": "m/s", "nx": 141, "ny": 81, "lo1": -130.0, "la1": 60.0, "dx": 0.5, "dy": 0.5, "refTime": "2022-05-12T00:00:00", "gridUnits": "degrees"}, "data":
[rows 19 to 37 of 81, columns 43 to 85 of 141]
12.486190795898438,12.08515453338623,12.589312553405762,12.800374984741211,12.961438179016113,12.857392311096191,12.90153980255127,12.806646347045898,13.158902168273926,13.834693908691406,14.355172157287598,14.73786449432373,15.101831436157227,15.476432800292969,15.823725700378418,15.098661422729492,14.348162651062012,13.558737754821777,13.057997703552246,12.56590747833252,12.409120559692383,12.298580169677734,12.19602108001709,12.111405372619629,11.901952743530273,11.753987312316895,11.524231910705566,10.880995750427246,10.329623222351074,9.670103073120117,8.817630767822266,7.893860340118408,6.89376163482666,6.060356140136719,5.260471820831299,4.04212760925293,3.4599695205688477,3.2349934577941895,3.1436607837677,3.246304512023926,3.578579902648926,3.6392264366149902,3.457902431488037
12.486190795898438,13.275164604187012,13.320821762084961,12.926486015319824,12.965933799743652,12.535163879394531,12.138550758361816,12.439361572265625,12.231024742126465,13.033390998840332,13.441363334655762,13.416719436645508,13.344359397888184,13.311528205871582,12.850000381469727,12.864291191101074,13.02336597442627,12.361897468566895,12.047744750976562,11.619696617126465,11.418128967285156,11.236574172973633,11.035463333129883,10.806496620178223,10.516332626342773,10.246424674987793,10.00030517578125,10.110444068908691,9.57339096069336,8.823486328125,8.049506187438965,7.032415866851807,6.069296836853027,5.007590293884277,4.179159164428711,3.3013625144958496,2.1172149181365967,1.5256325006484985,1.1838427782058716,1.1022931337356567,1.7744505405426025,2.560471296310425,2.729832649230957
14.033065795898438,13.766744613647461,13.013824462890625,12.149067878723145,12.2069673538208,12.050836563110352,11.35471248626709,12.40377140045166,12.84729290008545,13.57177448272705,14.081742286682129,13.595735549926758,12.555229187011719,11.836146354675293,11.037529945373535,9.666028022766113,10.51827335357666,11.79212760925293,12.50302791595459,12.60744571685791,12.05858325958252,11.788185119628906,11.593110084533691,11.357882499694824,10.977699279785156,10.479036331176758,10.04001522064209,9.906893730163574,9.869874000549316,9.008953094482422,8.195791244506836,7.505501747131348,6.607082843780518,5.607252597808838,3.9335193634033203,2.846567392349243,1.8837281465530396,0.8027989268302917,0.2016139179468155,-0.07319003343582153,0.27343806624412537,1.1358720064163208,1.970973253250122
13.783065795898438,12.946246147155762,10.841279029846191,10.577500343322754,11.16203784942627,11.418590545654297,11.247563362121582,12.83986759185791,14.47805404663086,14.952608108520508,15.197662353515625,14.78571891784668,13.444087982177734,11.20089340209961,11.152026176452637,11.362263679504395,12.568461418151855,13.54714298248291,13.554658889770508,13.70120620727539,13.2994384765625,12.80709171295166,12.55799674987793,12.370237350463867,12.230660438537598,11.818008422851562,11.27470588684082,11.054100036621094,10.756721496582031,10.19317626953125,8.999238014221191,7.766334056854248,6.809377193450928,5.966567516326904,4.398636341094971,2.8064353466033936,1.8152270317077637,0.8202894330024719,-0.16240814328193665,-0.4659487307071686,-0.35937920212745667,0.2319960594177246,1.1797131299972534
11.642440795898438,11.45339584350586,10.450420379638672,10.65163803100586,12.224621772766113,13.025907516479492,13.477425575256348,14.941092491149902,16.1888370513916,15.852459907531738,15.605667114257812,15.272638320922852,14.869056701660156,14.154560089111328,13.734830856323242,13.822273254394531,14.034135818481445,14.639451026916504,14.409646034240723,14.153396606445312,13.797310829162598,13.577070236206055,13.226330757141113,13.000468254089355,12.798279762268066,12.519096374511719,12.054351806640625,11.189010620117188,10.625834465026855,10.097526550292969,9.38875675201416,8.14534854888916,6.850088119506836,5.859467506408691,4.381574630737305,2.931891441345215,1.9654892683029175,0.6043642163276672,-0.6916708946228027,-0.5727447867393494,-0.48601600527763367,0.24977892637252808,0.8182955980300903
13.189315795898438,12.801029205322266,12.733270645141602,13.41943645477295,15.002156257629395,15.817617416381836,16.303043365478516,16.343555450439453,16.733463287353516,16.45105743408203,16.082233428955078,15.649290084838867,15.234030723571777,14.8032808303833,14.626871109008789,14.699698448181152,15.104280471801758,15.067817687988281,14.72107982635498,14.260732650756836,13.757500648498535,13.590211868286133,13.35854721069336,13.030959129333496,12.627716064453125,12.11490249633789,11.799968719482422,11.380745887756348,10.874924659729004,10.263044357299805,9.465368270874023,8.546382904052734,7.1804327964782715,5.731155872344971,4.713081359863281,3.1075313091278076,1.6200158596038818,0.8038544058799744,-0.16682301461696625,0.06107333302497864,0.333231121301651,0.916257381439209,1.3123937845230103
15.704940795898438,15.018486976623535,15.182851791381836,15.308746337890625,15.558883666992188,16.37306022644043,16.88534164428711,16.879919052124023,16.741159439086914,16.121397018432617,15.886080741882324,15.57573413848877,15.362618446350098,15.037641525268555,15.309109687805176,15.163778305053711,15.38758373260498,15.022525787353516,14.598020553588867,14.199456214904785,13.704888343811035,13.575334548950195,13.389665603637695,13.048890113830566,12.67485523223877,12.250188827514648,12.956859588623047,12.907872200012207,12.727648735046387,11.380823135375977,10.125126838684082,9.057950019836426,7.8733015060424805,6.109405517578125,4.574422836303711,3.7637996673583984,2.4023783206939697,1.3621896505355835,1.9429062604904175,2.0549089908599854,2.232884645462036,2.7327911853790283,2.9982941150665283
16.611190795898438,16.272796630859375,16.34613609313965,16.273326873779297,16.266508102416992,16.69139862060547,17.202735900878906,16.780244827270508,16.549949645996094,15.845524787902832,15.637290000915527,15.477739334106445,15.441161155700684,15.322569847106934,15.629530906677246,15.784150123596191,15.781681060791016,15.184667587280273,14.328866004943848,13.948088645935059,13.736063003540039,13.502909660339355,13.303765296936035,13.0884370803833,13.334839820861816,13.360283851623535,14.508073806762695,14.86437702178955,14.830268859863281,14.37811279296875,12.024831771850586,10.27359390258789,9.041793823242188,8.04843521118164,6.378196716308594,4.840169429779053,3.898650646209717,2.7773988246917725,3.5262908935546875,5.1688551902771,5.3059892654418945,4.798407554626465,3.962167978286743
16.611190795898438,17.443456649780273,17.240055084228516,16.91486930847168,16.897842407226562,16.769100189208984,17.3013858795166,16.706281661987305,16.45058822631836,15.950944900512695,15.50860595703125,15.586321830749512,15.642110824584961,15.69156551361084,15.918460845947266,15.82275390625,15.756627082824707,15.108888626098633,14.386640548706055,13.533431053161621,13.209630966186523,13.298816680908203,13.77522087097168,13.945338249206543,14.171354293823242,14.816741943359375,16.11397361755371,17.14704704284668,16.955472946166992,16.725107192993164,16.043718338012695,13.263419151306152,11.522509574890137,10.28697395324707,8.352740287780762,6.568198204040527,5.45454216003418,4.532629489898682,4.561839580535889,4.7273406982421875,4.994030952453613,4.202957630157471,3.5365476608276367
18.517440795898438,19.163822174072266,18.646333694458008,18.064285278320312,17.901094436645508,17.404924392700195,17.20688819885254,16.569194793701172,16.194171905517578,16.24484634399414,16.094322204589844,15.80678653717041,15.881256103515625,15.951842308044434,16.08662986755371,15.725768089294434,15.129098892211914,14.316522598266602,13.625749588012695,13.1493558883667,12.894795417785645,12.971647262573242,13.410783767700195,14.294888496398926,15.16942024230957,15.841448783874512,17.317699432373047,18.861841201782227,19.845203399658203,19.67774772644043,19.111038208007812,17.81401252746582,14.29201889038086,12.381839752197266,10.567981719970703,8.231439590454102,6.9574103355407715,5.965338706970215,5.036252498626709,4.063992023468018,3.8553109169006348,3.235786199569702,2.067595958709717
20.829940795898438,21.141929626464844,21.02989387512207,20.291152954101562,19.134815216064453,18.18048858642578,17.352081298828125,16.77216339111328,16.4276065826416,16.51131248474121,16.40874481201172,16.265457153320312,16.343975067138672,16.38849639892578,16.394506454467773,16.14100456237793,15.606728553771973,14.295658111572266,13.297053337097168,12.45744800567627,12.512596130371094,12.61482048034668,12.843154907226562,13.674267768859863,15.089658737182617,16.67575454711914,17.962594985961914,20.170154571533203,21.825990676879883,22.78514862060547,21.61237907409668,20.392534255981445,18.101266860961914,14.458641052246094,12.36556339263916,10.36003589630127,7.756894588470459,6.7094645500183105,5.7701287269592285,4.796988010406494,3.4119250774383545,2.6108059883117676,1.806532859802246
22.814315795898438,22.785259246826172,22.189674377441406,21.344820022583008,20.0115909576416,18.932903289794922,18.032398223876953,17.491498947143555,17.122859954833984,16.942138671875,16.84214210510254,16.745798110961914,16.74508285522461,16.758888244628906,16.754852294921875,16.195344924926758,15.638797760009766,14.656811714172363,13.24101448059082,12.087060928344727,11.709136009216309,11.759849548339844,11.778724670410156,13.085840225219727,14.252030372619629,16.281959533691406,18.82744598388672,22.474531173706055,24.082944869995117,25.083927154541016,23.290565490722656,21.796981811523438,19.92885398864746,17.035812377929688,13.789581298828125,11.999958992004395,9.880488395690918,7.464592933654785,6.504215240478516,5.590953826904297,4.452084064483643,2.8871383666992188,3.3769900798797607
23.314315795898438,23.226720809936523,22.73291015625,22.382816314697266,22.208913803100586,20.40517234802246,18.827512741088867,18.016036987304688,17.44379425048828,17.02272605895996,17.038604736328125,17.04232406616211,17.13924789428711,17.104808807373047,17.076251983642578,16.446020126342773,15.723739624023438,14.808469772338867,13.198923110961914,11.81668758392334,11.260257720947266,10.74850845336914,10.25230884552002,11.887801170349121,14.286166191101074,16.24759864807129,19.438156127929688,23.537790298461914,24.365795135498047,25.311119079589844,24.376415252685547,22.44281768798828,20.760051727294922,17.55608367919922,14.285937309265137,12.458317756652832,10.881394386291504,8.88235092163086,7.082575798034668,6.188352584838867,5.328733921051025,4.097745895385742,2.8369624614715576
22.423690795898438,22.639686584472656,22.481266021728516,22.27691650390625,21.795812606811523,21.804359436035156,20.62029457092285,18.675243377685547,17.908889770507812,17.29314613342285,17.232643127441406,17.263456344604492,17.335105895996094,17.34670066833496,17.27926254272461,16.869718551635742,15.91903018951416,14.976118087768555,13.678361892700195,11.740467071533203,10.9297513961792,10.286530494689941,9.652395248413086,10.738417625427246,12.472586631774902,14.60728931427002,16.424358367919922,20.362545013427734,23.775787353515625,24.48508644104004,24.311513900756836,22.918535232543945,20.65806007385254,18.629301071166992,15.493964195251465,12.755638122558594,10.660636901855469,9.37126636505127,7.826340198516846,6.436801433563232,5.570722579956055,4.313469886779785,2.8615055084228516
22.736190795898438,22.61273956298828,22.689056396484375,22.156770706176758,21.083906173706055,20.98402214050293,20.830373764038086,19.62264060974121,18.310237884521484,17.543359756469727,17.529598236083984,17.68165397644043,17.842388153076172,17.5930233001709,17.496313095092773,17.191740036010742,16.6331844329834,15.315258026123047,14.184131622314453,12.973976135253906,11.114842414855957,10.259334564208984,9.764674186706543,9.76287841796875,10.881136894226074,12.578675270080566,14.553715705871582,16.451004028320312,20.235984802246094,23.224336624145508,23.914854049682617,23.316669464111328,20.849571228027344,17.05089569091797,15.223735809326172,12.536118507385254,10.379871368408203,8.831245422363281,7.727270603179932,6.226648330688477,4.994959831237793,3.975297689437866,2.765963077545166
22.736190795898438,22.291677474975586,23.61992073059082,22.119510650634766,20.5197811126709,20.101259231567383,20.025205612182617,19.367280960083008,18.785579681396484,17.953489303588867,18.037376403808594,18.04408836364746,18.450592041015625,18.205297470092773,17.829505920410156,17.49257469177246,16.984479904174805,16.38420295715332,14.933451652526855,13.579116821289062,12.258769989013672,10.543930053710938,9.68355655670166,9.391823768615723,9.59414005279541,10.938774108886719,13.203967094421387,15.315260887145996,17.526948928833008,20.50693130493164,22.488670349121094,21.59853172302246,19.405670166015625,15.959397315979004,13.934928894042969,12.117899894714355,9.816283226013184,8.33366584777832,7.285643577575684,6.255053997039795,4.223121166229248,2.9159014225006104,1.8591891527175903
24.798690795898438,16.494213104248047,23.71416664123535,21.77215003967285,19.81855010986328,18.350685119628906,18.55963706970215,18.598649978637695,18.647064208984375,18.307924270629883,18.477338790893555,18.589282989501953,18.688289642333984,18.439956665039062,18.183311462402344,17.814342498779297,17.13083839416504,16.23564338684082,14.83558464050293,13.696948051452637,12.624090194702148,11.660372734069824,10.012749671936035,9.177568435668945,9.215201377868652,9.655125617980957,12.194408416748047,15.044007301330566,17.489778518676758,19.514556884765625,20.8094539642334,20.5632381439209,18.55846405029297,15.007781982421875,12.58297348022461,11.12438678741455,9.6509428024292,7.290709018707275,6.131302356719971,5.3162312507629395,4.104866981506348,1.7822141647338867,0.3593199551105499
25.220565795898438,13.623794555664062,23.638198852539062,21.360151290893555,18.669933319091797,16.728090286254883,15.290151596069336,16.590665817260742,17.427230834960938,17.989498138427734,18.10085105895996,18.173416137695312,18.200096130371094,17.91272735595703,17.738195419311523,17.63848304748535,17.117305755615234,16.437044143676758,15.51352596282959,13.60398006439209,12.45123291015625,11.55594539642334,10.71721363067627,9.299861907958984,9.120922088623047,9.601632118225098,10.446623802185059,13.70797348022461,16.593387603759766,18.734344482421875,18.593624114990234,18.28449821472168,16.577844619750977,14.529022216796875,10.591522216796875,9.06143569946289,7.985705375671387,6.821178913116455,5.429952144622803,4.315247535705566,3.1097919940948486,1.755122423171997,-0.23665863275527954
24.283065795898438,24.283065795898438,21.93341064453125,19.455793380737305,16.662839889526367,15.156795501708984,14.342817306518555,14.65025806427002,15.36544418334961,16.15139389038086,16.68825912475586,16.974267959594727,17.185794830322266,17.611173629760742,17.602041244506836,17.54368782043457,17.121110916137695,16.276046752929688,15.353690147399902,14.000921249389648,12.229268074035645,11.165369033813477,10.242997169494629,9.585760116577148,9.150465965270996,9.692594528198242,10.736189842224121,12.45301628112793,15.3280668258667,17.66493797302246,17.353961944580078,15.986631393432617,14.019850730895996,11.920026779174805,10.219112396240234,8.154366493225098,6.70509672164917,5.709219455718994,4.943105220794678,3.5992279052734375,1.8570313453674316,0.6889293789863586,-0.8179426193237305
