lessons/derecho-2022/jet/test/narr_jet_500mb_20220512_0300z_NA_leaflet_velocity.json
{"header": {"parameterCategory": 2, "parameterNumber": 2, "parameterNumberName": "u-wind 500mb", "parameterUnit": "m/s", "nx": 141, "ny": 81, "lo1": -130.0, "la1": 60.0, "dx": 0.5, "dy": 0.5, "refTime": "2022-05-12T03:00:00", "gridUnits": "degrees"}, "data":
[rows 38 to 56 of 81, columns 43 to 85 of 141]
4.161102294921875,4.161102294921875,4.091126918792725,4.046090602874756,3.838944673538208,4.737255096435547,5.3046441078186035,5.1963629722595215,5.500054359436035,6.091995716094971,6.882670879364014,7.741333961486816,8.784056663513184,10.262434005737305,11.87226390838623,13.427821159362793,15.402132987976074,17.036376953125,17.259687423706055,16.4097900390625,15.917713165283203,15.118502616882324,13.979165077209473,12.95678424835205,12.43273639678955,12.018292427062988,11.401805877685547,10.994933128356934,11.141108512878418,11.168577194213867,11.206233024597168,11.266968727111816,11.386026382446289,9.732234001159668,8.53172492980957,7.076595306396484,5.5647664070129395,4.068610191345215,3.3106796741485596,2.4721884727478027,1.5500504970550537,0.7283604741096497,-0.09548276662826538
6.536102294921875,6.536102294921875,6.272928714752197,6.37443733215332,6.079334259033203,7.186789512634277,7.565226078033447,6.735969543457031,6.8684468269348145,7.544702053070068,8.861855506896973,9.240689277648926,9.860180854797363,10.688831329345703,11.792996406555176,13.181957244873047,14.596302032470703,15.270315170288086,16.095252990722656,15.03742790222168,14.150527954101562,13.394462585449219,12.675332069396973,12.003222465515137,11.354009628295898,10.624951362609863,9.897072792053223,9.387815475463867,9.615482330322266,10.012362480163574,9.684136390686035,9.34669303894043,8.898260116577148,8.149089813232422,7.011814117431641,5.875309944152832,4.588061332702637,3.403057813644409,2.8631036281585693,2.331895589828491,0.9697882533073425,-0.19293582439422607,-0.9365466237068176
6.661102294921875,6.661102294921875,7.097723960876465,7.9207658767700195,8.326545715332031,9.568778038024902,10.453605651855469,10.112503051757812,9.835611343383789,9.901198387145996,10.684789657592773,10.69078540802002,11.164210319519043,11.707571029663086,12.482714653015137,12.954739570617676,13.705801963806152,13.786356925964355,13.69853687286377,13.469209671020508,13.038846969604492,12.560796737670898,12.156622886657715,10.649596214294434,9.677967071533203,9.02993106842041,8.648529052734375,8.03450870513916,8.130880355834961,8.202119827270508,8.491230010986328,8.159141540527344,6.989618301391602,5.913448810577393,5.201690196990967,4.566779136657715,3.759679079055786,2.6546177864074707,1.7408514022827148,1.2926363945007324,0.6237236857414246,-0.9259309768676758,-1.9060325622558594
8.973602294921875,8.973602294921875,8.65730094909668,9.65389633178711,10.410724639892578,10.329459190368652,11.610210418701172,12.088042259216309,12.185054779052734,11.73922348022461,11.60091781616211,11.551654815673828,11.655406951904297,12.355792045593262,13.199684143066406,13.381564140319824,12.964179039001465,12.54505729675293,12.341989517211914,12.016034126281738,11.642241477966309,11.20068645477295,10.77751350402832,10.04032039642334,8.63853931427002,7.782206058502197,7.201658725738525,7.038496017456055,7.229529857635498,6.911951065063477,6.542639255523682,6.133377552032471,5.552257537841797,4.422025680541992,3.6566505432128906,3.047464609146118,2.403092384338379,1.9891716241836548,1.239650845527649,0.43391475081443787,-0.5499577522277832,-1.3686496019363403,-2.586977958679199
8.973602294921875,8.973602294921875,11.670055389404297,10.641742706298828,11.177328109741211,11.424847602844238,11.908245086669922,12.979902267456055,12.871380805969238,12.763139724731445,11.846226692199707,11.551647186279297,11.773333549499512,12.30201244354248,13.13673210144043,13.143199920654297,12.524153709411621,11.1761474609375,10.778887748718262,10.766660690307617,10.756275177001953,10.309470176696777,9.69665241241455,8.532011032104492,7.860304355621338,7.008123874664307,6.425503253936768,6.170573711395264,6.181003570556641,6.108935356140137,5.682835578918457,5.049535274505615,4.1331000328063965,3.3806369304656982,2.8556556701660156,2.3723554611206055,1.6079461574554443,0.8662143349647522,0.4060610234737396,-0.33069437742233276,-1.498247742652893,-2.3140101432800293,-3.245337963104248
13.067352294921875,13.067352294921875,11.656214714050293,10.51372241973877,10.717171669006348,11.557424545288086,12.665570259094238,14.336115837097168,13.636443138122559,13.175119400024414,12.76937198638916,12.10023021697998,12.036297798156738,12.370617866516113,12.902689933776855,12.396903038024902,11.437017440795898,10.7001953125,10.188789367675781,10.01167106628418,9.704448699951172,9.36660099029541,8.809087753295898,7.58365535736084,6.78239631652832,6.16475772857666,5.850035190582275,5.706183910369873,5.62452507019043,5.514885425567627,4.500927925109863,3.9965453147888184,3.1739704608917236,2.603344678878784,2.0061028003692627,1.6641923189163208,1.0652936697006226,0.3319603204727173,-0.26122522354125977,-1.0237154960632324,-2.095606803894043,-2.8003439903259277,-3.7358388900756836
13.911102294921875,13.911102294921875,13.312944412231445,13.169169425964355,11.660920143127441,12.626723289489746,14.260205268859863,16.08753776550293,14.693998336791992,13.736260414123535,13.180768966674805,12.654237747192383,12.814078330993652,13.271450996398926,13.544816970825195,12.536352157592773,11.24310302734375,10.175865173339844,9.776172637939453,9.504481315612793,9.089990615844727,8.610501289367676,7.975781440734863,7.052779197692871,6.397738933563232,5.9565935134887695,5.587510108947754,5.142714023590088,4.88325834274292,4.651719093322754,3.7635161876678467,2.9528579711914062,2.285388708114624,1.9605599641799927,1.7315489053726196,1.4105356931686401,0.7720987200737,-0.17007283866405487,-0.7580748200416565,-1.3737868070602417,-2.4760260581970215,-3.5858585834503174,-4.195321559906006
11.911102294921875,11.911102294921875,12.283690452575684,12.713942527770996,13.473044395446777,13.965682983398438,15.20536994934082,16.985862731933594,15.23666763305664,13.932997703552246,13.037698745727539,12.608521461486816,13.247034072875977,13.906365394592285,14.076715469360352,12.98604965209961,11.410900115966797,9.98835277557373,9.565057754516602,9.25913143157959,8.811403274536133,8.10486888885498,7.493507385253906,6.704931735992432,5.853042125701904,5.472599029541016,5.186458587646484,4.771393775939941,4.346956253051758,3.7135438919067383,2.818917751312256,2.266737937927246,1.8396774530410767,1.446903109550476,1.421343445777893,1.193088412284851,0.6681219339370728,-0.3861168622970581,-1.2693452835083008,-1.9890131950378418,-2.97763729095459,-3.874061346054077,-4.533483982086182
15.473602294921875,15.473602294921875,13.618627548217773,12.542975425720215,13.712634086608887,12.914822578430176,13.529531478881836,15.03689956665039,14.385390281677246,13.389083862304688,12.598238945007324,12.150232315063477,13.174676895141602,14.065775871276855,14.359853744506836,13.076817512512207,11.733736991882324,10.12790298461914,9.359647750854492,9.073177337646484,8.698375701904297,7.671958923339844,6.918338775634766,6.27152681350708,5.631329536437988,5.250885963439941,4.784555435180664,4.2474541664123535,3.5860960483551025,3.0570993423461914,1.8784055709838867,1.3259094953536987,1.1382098197937012,1.0799338817596436,1.1098849773406982,1.0232737064361572,0.5402389764785767,-0.49058982729911804,-1.337275505065918,-2.11708664894104,-3.084696054458618,-4.142582416534424,-4.719313621520996
16.504852294921875,16.504852294921875,15.544286727905273,14.801384925842285,13.503132820129395,13.265576362609863,13.713005065917969,14.769521713256836,12.373773574829102,11.889538764953613,11.610641479492188,11.842926025390625,13.103352546691895,14.243074417114258,14.68211555480957,12.726460456848145,11.457355499267578,10.275142669677734,9.290833473205566,8.818087577819824,8.354191780090332,7.472406387329102,6.775850772857666,6.086691856384277,5.399825572967529,4.7927470207214355,4.424844741821289,3.759075164794922,2.95782208442688,2.0726938247680664,1.3674061298370361,0.7925091981887817,0.677039384841919,0.6216243505477905,0.6395519375801086,0.6466854214668274,0.34019964933395386,-0.41013866662979126,-1.4938857555389404,-2.2249975204467773,-3.0232884883880615,-3.943678379058838,-4.906986713409424
17.629852294921875,17.629852294921875,16.930984497070312,15.57572078704834,13.724942207336426,13.815502166748047,13.062893867492676,13.221936225891113,11.192168235778809,10.866430282592773,10.862854957580566,11.517301559448242,13.591431617736816,14.317461013793945,14.886868476867676,12.972726821899414,10.9698486328125,10.002899169921875,9.322339057922363,8.908758163452148,8.35966968536377,7.509480953216553,6.462455749511719,5.860602378845215,5.251628398895264,4.661655902862549,3.9905643463134766,3.2908437252044678,2.69697642326355,1.7345181703567505,0.7603165507316589,0.0318334624171257,-0.04437161982059479,0.07540158927440643,0.08752386271953583,0.1467408835887909,-0.13482017815113068,-0.572151243686676,-1.2384580373764038,-2.2545692920684814,-3.0073130130767822,-3.648972272872925,-4.6099042892456055
18.082977294921875,18.082977294921875,16.867782592773438,15.069299697875977,13.631476402282715,13.15322494506836,12.718586921691895,11.609932899475098,9.972647666931152,10.457803726196289,11.157638549804688,11.93539047241211,14.008618354797363,15.034590721130371,14.744410514831543,13.538665771484375,11.56079387664795,10.147472381591797,9.886420249938965,9.071410179138184,8.395651817321777,7.642603397369385,6.795841217041016,5.668881893157959,4.96297025680542,4.394224643707275,3.8081657886505127,2.9525861740112305,1.955983281135559,1.2657301425933838,0.44530531764030457,-0.26475346088409424,-0.5378848910331726,-0.5690397620201111,-0.42394015192985535,-0.2956129014492035,-0.6318668723106384,-0.9742944240570068,-1.4016023874282837,-2.1053884029388428,-2.9941787719726562,-3.7049014568328857,-4.286660671234131
18.082977294921875,18.082977294921875,15.83899974822998,14.48707103729248,13.361039161682129,12.696450233459473,11.728671073913574,10.75417709350586,9.428675651550293,9.950623512268066,11.54108715057373,12.842490196228027,14.767838478088379,15.224827766418457,14.927021980285645,13.292531967163086,11.346975326538086,10.3010835647583,10.112092971801758,9.753950119018555,8.629813194274902,7.612362861633301,6.652284145355225,5.824365615844727,4.754180431365967,3.9115116596221924,3.384653091430664,2.5385475158691406,1.6905288696289062,0.9136285185813904,-0.3780125379562378,-0.79070645570755,-1.0205508470535278,-1.049818754196167,-0.8752290606498718,-0.7565874457359314,-0.768439769744873,-1.0967366695404053,-1.5326461791992188,-2.057751417160034,-2.9268453121185303,-3.632272720336914,-4.175032138824463
16.473602294921875,16.473602294921875,14.97900676727295,13.704665184020996,12.796195983886719,12.339961051940918,11.583346366882324,10.38513469696045,9.282901763916016,9.815145492553711,10.831710815429688,12.842634201049805,15.158515930175781,15.31156063079834,14.4202880859375,13.150546073913574,12.034626960754395,10.827183723449707,10.105876922607422,9.446112632751465,8.783949851989746,7.574132442474365,6.391043663024902,5.581037998199463,4.484046459197998,3.6588525772094727,3.1636476516723633,1.8800932168960571,1.0057251453399658,0.288993239402771,-0.6929637789726257,-1.4548908472061157,-1.637630820274353,-1.6800187826156616,-1.272310495376587,-1.0418994426727295,-0.9790071249008179,-1.1514973640441895,-1.545637845993042,-2.0014708042144775,-2.6641204357147217,-3.506768226623535,-4.001186847686768
15.207977294921875,15.207977294921875,13.442352294921875,14.506895065307617,13.248527526855469,12.115998268127441,11.404869079589844,11.160337448120117,10.508575439453125,9.234601974487305,10.416624069213867,11.893921852111816,15.153383255004883,15.442575454711914,14.476036071777344,12.798641204833984,11.149124145507812,10.458623886108398,9.744575500488281,9.052220344543457,8.377616882324219,7.168350696563721,6.008030414581299,5.170283317565918,3.98898983001709,3.0127646923065186,2.502802848815918,1.9000329971313477,0.7109211683273315,-0.13102953135967255,-0.9610720276832581,-1.8224445581436157,-2.104149580001831,-2.1226375102996826,-2.1028199195861816,-1.4652348756790161,-1.2466611862182617,-1.2647082805633545,-1.5808472633361816,-2.0020198822021484,-2.567619562149048,-3.378058433532715,-3.816845655441284
15.207977294921875,15.207977294921875,13.442352294921875,13.442352294921875,11.989227294921875,11.754852294921875,11.754852294921875,10.926727294921875,9.411102294921875,10.864227294921875,10.864227294921875,11.238048553466797,10.019781112670898,9.068168640136719,8.853625297546387,8.121293067932129,7.426377296447754,8.881961822509766,11.454221725463867,12.554105758666992,10.151002883911133,8.490447044372559,7.584880352020264,5.361708641052246,3.5096263885498047,2.7873611450195312,2.161871910095215,1.5821183919906616,0.5408575534820557,-0.5851235389709473,-1.3380779027938843,-2.42185640335083,-2.7879457473754883,-2.769343137741089,-2.5819551944732666,-1.9468309879302979,-1.5788041353225708,-1.4566148519515991,-1.5931586027145386,-1.9359171390533447,-2.3793978691101074,-3.0915729999542236,-3.6089529991149902
15.207977294921875,15.207977294921875,13.442352294921875,13.442352294921875,11.989227294921875,11.754852294921875,11.754852294921875,10.926727294921875,9.411102294921875,10.864227294921875,10.864227294921875,12.239227294921875,15.567352294921875,15.348602294921875,15.348602294921875,12.942352294921875,10.645477294921875,9.786102294921875,9.786102294921875,7.969202041625977,6.846024036407471,6.54691219329834,5.734010696411133,5.877722263336182,7.664292335510254,9.498102188110352,7.225935459136963,5.946743965148926,4.547875881195068,2.299888849258423,0.8123310208320618,-2.396422863006592,-3.1563050746917725,-3.225719690322876,-3.076920747756958,-2.511658191680908,-1.8969876766204834,-1.728440761566162,-1.7704861164093018,-2.019223213195801,-2.3513619899749756,-2.7817230224609375,-3.398754835128784
15.207977294921875,15.207977294921875,13.442352294921875,13.442352294921875,11.989227294921875,11.754852294921875,11.754852294921875,10.926727294921875,9.411102294921875,10.864227294921875,10.864227294921875,12.239227294921875,15.567352294921875,15.348602294921875,15.348602294921875,12.942352294921875,10.645477294921875,9.786102294921875,9.786102294921875,8.911102294921875,7.973602294921875,5.848602294921875,5.848602294921875,4.286102294921875,3.286102294921875,2.317352294921875,2.317352294921875,4.749806880950928,4.233938217163086,3.3467283248901367,4.341421604156494,6.4420976638793945,4.300868034362793,3.369269371032715,1.149529218673706,-0.5353517532348633,-3.2605602741241455,-1.9875301122665405,-1.9376857280731201,-2.1030921936035156,-2.4211883544921875,-2.8281233310699463,-3.180710554122925
15.207977294921875,15.207977294921875,13.442352294921875,13.442352294921875,11.989227294921875,11.754852294921875,10.926727294921875,10.926727294921875,9.411102294921875,10.864227294921875,12.239227294921875,12.239227294921875,15.567352294921875,15.348602294921875,12.942352294921875,12.942352294921875,10.645477294921875,9.786102294921875,8.911102294921875,8.911102294921875,7.973602294921875,5.848602294921875,4.286102294921875,4.286102294921875,3.286102294921875,2.317352294921875,1.504852294921875,1.504852294921875,0.051727294921875,-1.588897705078125,-2.635772705078125,-2.635772705078125,-3.292022705078125,-3.354522705078125,2.689875841140747,1.897237777709961,1.338820457458496,3.3860933780670166,1.7206532955169678,0.057154059410095215,-1.9547247886657715,-2.4172940254211426,-3.335925340652466
