lessons/derecho-2022/jet/test/narr_jet_500mb_20220512_0300z_NA_leaflet_velocity.json
{"header": {"parameterCategory": 2, "parameterNumber": 3, "parameterNumberName": "v-wind 500mb", "parameterUnit": "m/s", "nx": 141, "ny": 81, "lo1": -130.0, "la1": 60.0, "dx": 0.5, "dy": 0.5, "refTime": "2022-05-12T03:00:00", "gridUnits": "degrees"}, "data":
[rows 19 to 37 of 81, columns 43 to 85 of 141]
14.380096435546875,13.947476387023926,14.972615242004395,15.32423210144043,15.26480770111084,15.375584602355957,15.331765174865723,15.307461738586426,15.080143928527832,14.638688087463379,14.714988708496094,15.04152774810791,14.86660385131836,14.879146575927734,14.64521312713623,14.744807243347168,14.384547233581543,13.78394889831543,13.066004753112793,12.871813774108887,12.522123336791992,11.977422714233398,10.29195499420166,9.089665412902832,8.567177772521973,8.077122688293457,7.565350532531738,6.820937633514404,6.469521999359131,6.348151206970215,6.14559268951416,6.50562047958374,6.96518611907959,7.119019985198975,7.15707540512085,7.000220775604248,6.719051361083984,6.251125335693359,5.634909629821777,4.187633991241455,2.4708993434906006,1.4076573848724365,0.6156978607177734
14.380096435546875,15.58493709564209,16.15595054626465,15.699191093444824,15.307385444641113,15.728660583496094,15.83512020111084,16.431596755981445,16.386497497558594,16.061182022094727,15.542989730834961,15.516239166259766,15.765621185302734,15.662882804870605,15.128166198730469,14.440963745117188,13.542566299438477,12.656465530395508,11.38749885559082,10.088641166687012,10.150625228881836,10.01003360748291,9.72227954864502,8.418330192565918,7.279592514038086,6.698184967041016,6.164641380310059,6.375483989715576,5.9573493003845215,5.835097312927246,5.7069902420043945,6.1415324211120605,6.664142608642578,7.098885536193848,7.196854591369629,7.104738712310791,6.774039268493652,6.312811851501465,5.538385391235352,4.81202507019043,3.3077871799468994,1.6004912853240967,0.5391022562980652
16.489471435546875,16.547441482543945,16.177453994750977,15.808025360107422,15.345942497253418,15.963081359863281,16.75152015686035,17.323993682861328,18.02313804626465,17.721887588500977,17.465063095092773,16.878122329711914,16.278303146362305,16.184627532958984,15.54296588897705,14.625137329101562,13.548337936401367,12.499504089355469,12.069869995117188,11.348268508911133,10.78489875793457,9.86488151550293,8.483745574951172,7.801447868347168,6.710048198699951,6.805090427398682,6.139449596405029,6.405902862548828,6.663412094116211,6.573122978210449,6.480553150177002,6.3780741691589355,6.5395684242248535,6.7080559730529785,6.781910419464111,6.796396255493164,6.49138069152832,6.177796840667725,5.315876007080078,4.351648807525635,3.506204843521118,2.0364153385162354,0.7047471404075623
16.989471435546875,16.725675582885742,15.595439910888672,15.3828763961792,15.90697193145752,16.795555114746094,18.11933708190918,18.56464958190918,18.948345184326172,18.60659408569336,18.255525588989258,17.92763900756836,17.321054458618164,16.487140655517578,15.619112014770508,14.69937801361084,14.692669868469238,14.167197227478027,13.396268844604492,12.837530136108398,12.297609329223633,9.941994667053223,7.7367939949035645,8.026826858520508,6.98386812210083,7.472764492034912,7.456950664520264,7.581350803375244,7.625977039337158,7.517395973205566,7.4210591316223145,7.315986156463623,7.0986127853393555,7.014772415161133,6.316750526428223,6.118537902832031,5.657015323638916,5.1596598625183105,4.661014556884766,3.952072858810425,3.2237377166748047,2.1510541439056396,0.8263819813728333
17.005096435546875,16.825294494628906,15.816771507263184,15.685062408447266,16.64878273010254,17.407617568969727,18.12538719177246,18.34212303161621,18.528697967529297,18.70804786682129,18.68879508972168,18.515411376953125,17.796321868896484,16.838916778564453,16.516599655151367,15.864031791687012,14.610618591308594,14.109461784362793,13.153517723083496,12.731871604919434,12.403864860534668,10.753107070922852,7.464654922485352,8.803633689880371,8.736577987670898,9.488424301147461,9.793249130249023,9.155660629272461,8.956912994384766,8.806660652160645,9.179269790649414,9.029644012451172,8.409396171569824,7.922765254974365,6.888335704803467,5.828272819519043,5.227921485900879,4.891815185546875,4.486481189727783,3.3668503761291504,2.7009801864624023,1.8428479433059692,0.9101095199584961
19.208221435546875,18.73537254333496,17.97817611694336,17.742050170898438,18.141416549682617,18.225732803344727,18.187454223632812,18.208209991455078,18.189937591552734,17.890949249267578,17.451284408569336,16.617528915405273,16.210702896118164,15.504653930664062,15.167137145996094,14.886438369750977,14.127464294433594,13.23676586151123,12.322896957397461,10.726398468017578,10.575352668762207,10.075626373291016,8.39504337310791,10.62527847290039,11.563630104064941,10.05058479309082,9.314705848693848,8.69381046295166,9.546812057495117,9.95130443572998,11.106952667236328,11.495149612426758,10.896344184875488,9.402082443237305,8.585244178771973,7.192985534667969,5.938805103302002,5.02256441116333,4.528927326202393,3.622171640396118,2.3105475902557373,1.4743664264678955,0.9387653470039368
20.348846435546875,19.912708282470703,19.63225555419922,19.417882919311523,19.170093536376953,19.15549087524414,18.95907974243164,18.52884864807129,18.229656219482422,17.527172088623047,17.042688369750977,16.238279342651367,15.448875427246094,14.799711227416992,14.127707481384277,13.603949546813965,12.84483814239502,12.319999694824219,11.588499069213867,10.460516929626465,8.385553359985352,8.670135498046875,8.865572929382324,8.494285583496094,8.315893173217773,7.701902389526367,8.596558570861816,8.794797897338867,10.294963836669922,11.237709045410156,12.586297035217285,13.61270523071289,14.150869369506836,12.086193084716797,9.87826919555664,8.588805198669434,7.043405532836914,5.64243745803833,4.805759429931641,4.133345127105713,3.06132435798645,1.8817715644836426,2.153789520263672
20.645721435546875,20.5100040435791,20.477792739868164,20.483444213867188,20.298606872558594,20.20106315612793,20.066932678222656,19.787561416625977,19.008899688720703,17.786046981811523,17.10133934020996,16.433149337768555,15.879064559936523,15.013769149780273,13.989799499511719,13.195509910583496,12.35561466217041,11.756604194641113,11.300262451171875,10.754148483276367,10.15963363647461,8.389924049377441,7.0738844871521,5.896182537078857,5.730811595916748,5.583503723144531,7.007128715515137,8.545868873596191,10.527885437011719,12.126684188842773,13.576066970825195,14.905351638793945,15.493062019348145,14.314764022827148,12.131607055664062,10.076677322387695,8.817398071289062,7.031826496124268,5.489964485168457,4.609853267669678,3.6073622703552246,2.708925247192383,2.311068534851074
20.645721435546875,20.84541893005371,20.79331398010254,20.758872985839844,20.895044326782227,21.163835525512695,21.169248580932617,20.99456787109375,20.426977157592773,19.019418716430664,17.565448760986328,16.91967010498047,16.384510040283203,15.801190376281738,14.534198760986328,13.196462631225586,12.342287063598633,11.691829681396484,10.918825149536133,9.229121208190918,8.084640502929688,7.097482204437256,5.68820858001709,4.374447345733643,3.7890231609344482,3.50553035736084,4.312972545623779,7.372190952301025,9.75422477722168,11.537559509277344,13.299577713012695,15.405451774597168,16.06008529663086,15.408535957336426,13.608908653259277,11.486804962158203,10.296036720275879,9.163284301757812,6.966597080230713,5.394206523895264,4.317442417144775,3.7797811031341553,3.133554697036743
21.083221435546875,20.86573600769043,20.42654037475586,21.517658233642578,22.157852172851562,22.454654693603516,22.680377960205078,22.059097290039062,21.51727294921875,20.402633666992188,19.21384620666504,17.747512817382812,17.02720069885254,16.36552619934082,15.538333892822266,14.135167121887207,12.409097671508789,11.6452054977417,10.60861587524414,8.866144180297852,7.533304214477539,6.427661418914795,4.948504447937012,3.474830150604248,2.3424463272094727,1.8940181732177734,1.5750651359558105,4.377639293670654,8.273674011230469,10.206339836120605,12.79977035522461,16.01924705505371,17.135385513305664,16.891151428222656,15.856670379638672,13.13389778137207,11.616415023803711,10.403026580810547,9.242293357849121,7.163109302520752,5.745204448699951,5.0204572677612305,4.389535903930664
20.520721435546875,20.790512084960938,21.09853172302246,22.190488815307617,24.422958374023438,25.039222717285156,25.118680953979492,23.85236167907715,22.564712524414062,21.40308380126953,20.4194278717041,19.447893142700195,18.263158798217773,17.25749397277832,16.430999755859375,15.479517936706543,14.199356079101562,12.433321952819824,11.354683876037598,10.011061668395996,7.618816375732422,6.239260196685791,4.949077129364014,3.6499226093292236,1.9899948835372925,0.6953185796737671,0.3539620637893677,2.524465322494507,5.49772834777832,9.147099494934082,12.567468643188477,16.17066192626953,19.032146453857422,18.922094345092773,18.309005737304688,16.465932846069336,13.391304969787598,11.798401832580566,10.515619277954102,9.194293022155762,7.407503128051758,6.5188775062561035,5.6586713790893555
22.020721435546875,22.17976951599121,23.843114852905273,25.04905891418457,25.8090763092041,25.981470108032227,25.832242965698242,24.881628036499023,23.723979949951172,22.37232780456543,21.574602127075195,20.83348846435547,20.16824722290039,18.875001907348633,17.460895538330078,16.466716766357422,15.47289752960205,14.349568367004395,12.437674522399902,11.050956726074219,9.501233100891113,6.7653069496154785,5.029800891876221,3.976317882537842,3.0733113288879395,1.5666781663894653,0.9704983830451965,2.7974555492401123,4.856287956237793,7.5704755783081055,12.348959922790527,16.11757469177246,19.515756607055664,20.453031539916992,19.775102615356445,17.99750328063965,15.295744895935059,11.836995124816895,10.820398330688477,9.909449577331543,8.978918075561523,7.629813194274902,6.581421852111816
24.270721435546875,24.082679748535156,25.447572708129883,26.0113468170166,25.528766632080078,25.984371185302734,26.046024322509766,24.78363609313965,24.280038833618164,24.043807983398438,22.937665939331055,22.098432540893555,21.422761917114258,20.612512588500977,19.329801559448242,17.390073776245117,16.35378646850586,15.333816528320312,13.542963027954102,11.693297386169434,10.355724334716797,8.8840970993042,5.809408664703369,4.054002285003662,2.992704153060913,1.944894552230835,1.394871711730957,2.1084094047546387,3.6715927124023438,6.176933288574219,10.572183609008789,14.797874450683594,18.504655838012695,18.899158477783203,18.009708404541016,16.325523376464844,14.66622257232666,12.109203338623047,10.43796157836914,9.716273307800293,9.151101112365723,8.182626724243164,6.865108966827393
27.130096435546875,26.429935455322266,26.746936798095703,26.154403686523438,25.278711318969727,25.713130950927734,25.97093391418457,24.99463653564453,24.932029724121094,25.383268356323242,24.571767807006836,23.430809020996094,22.353891372680664,21.540002822875977,20.6130313873291,19.037803649902344,17.077014923095703,15.884079933166504,14.406274795532227,12.209169387817383,10.694663047790527,9.2246675491333,7.748652458190918,5.1620869636535645,3.409221649169922,2.376438856124878,1.8243759870529175,1.9995099306106567,3.284054756164551,5.01400899887085,8.569402694702148,11.626989364624023,14.874457359313965,16.931406021118164,16.75169563293457,15.381261825561523,12.752870559692383,11.26254653930664,9.973337173461914,9.097620010375977,8.65631103515625,7.591330528259277,6.385781288146973
26.505096435546875,26.749818801879883,26.421480178833008,25.7490234375,24.67066764831543,24.689212799072266,25.145423889160156,24.82520866394043,25.02876091003418,25.897716522216797,25.23505401611328,24.421545028686523,23.285982131958008,22.006572723388672,21.112464904785156,19.837196350097656,18.438175201416016,16.4417667388916,15.075223922729492,13.604471206665039,11.456171989440918,9.771171569824219,8.220191955566406,6.566332817077637,4.53693962097168,3.1403613090515137,2.6770124435424805,2.4587481021881104,3.4074344635009766,5.512030124664307,7.6379594802856445,9.390026092529297,12.30630111694336,15.588979721069336,15.298690795898438,14.097661972045898,11.641867637634277,9.70702075958252,8.504555702209473,7.814959526062012,7.303953170776367,6.694552898406982,5.740959644317627
26.505096435546875,23.805192947387695,25.482988357543945,24.688840866088867,23.55708885192871,23.81102180480957,24.121543884277344,24.308082580566406,24.21729850769043,25.159879684448242,25.097440719604492,24.600173950195312,23.80832290649414,22.77932357788086,21.307655334472656,20.179195404052734,18.817373275756836,17.63421058654785,15.811125755310059,13.83250904083252,11.795077323913574,9.55525016784668,7.9916534423828125,6.74735689163208,5.6989665031433105,4.229409694671631,3.5998451709747314,3.4946587085723877,3.644782066345215,5.88878059387207,8.437887191772461,10.386706352233887,12.139199256896973,14.561906814575195,13.860372543334961,12.721339225769043,10.411247253417969,8.857686996459961,7.775574684143066,7.002373695373535,5.931308269500732,5.2013020515441895,4.438584804534912
25.114471435546875,20.899816513061523,24.748502731323242,23.65703010559082,22.527151107788086,21.736724853515625,22.56151580810547,23.280487060546875,23.847543716430664,23.807586669921875,24.16154670715332,24.043258666992188,23.719873428344727,23.07160186767578,22.15326690673828,20.595029830932617,18.462678909301758,16.368316650390625,14.407941818237305,12.943185806274414,11.396449089050293,9.952313423156738,7.866023540496826,6.480530261993408,5.85012674331665,5.181025505065918,4.459521293640137,4.29813289642334,4.6256914138793945,5.334251880645752,7.633305549621582,10.138202667236328,11.535660743713379,12.545469284057617,11.967453956604004,11.03884506225586,9.713872909545898,7.354578495025635,6.340643405914307,5.815871238708496,5.127161979675293,3.6926887035369873,2.58675217628479
25.723846435546875,14.22799301147461,24.945383071899414,23.156091690063477,21.738521575927734,20.4050235748291,19.273143768310547,20.698654174804688,21.823190689086914,22.70053482055664,23.07013702392578,22.922155380249023,22.359153747558594,21.632474899291992,20.788904190063477,19.760679244995117,17.630857467651367,15.646594047546387,13.931535720825195,11.522461891174316,10.107629776000977,8.988101959228516,8.135318756103516,6.376845359802246,5.7837958335876465,5.284457206726074,4.96649169921875,4.700958728790283,4.786373615264893,5.389468193054199,7.614684581756592,9.704647064208984,10.552908897399902,10.614934921264648,9.354033470153809,8.139747619628906,7.302216053009033,6.255051612854004,5.310712814331055,4.582908630371094,3.853222131729126,2.9607460498809814,1.5965635776519775
26.192596435546875,26.192596435546875,25.067995071411133,22.986148834228516,19.81511878967285,18.40177345275879,17.605093002319336,17.49271583557129,18.230234146118164,19.120298385620117,19.440555572509766,19.572677612304688,19.564754486083984,20.015419006347656,19.51540184020996,18.64313507080078,15.827611923217773,14.188480377197266,12.82473087310791,11.360116004943848,9.17822551727295,7.941225528717041,7.170005798339844,6.54959774017334,5.915528774261475,5.3320512771606445,4.842503070831299,4.671665191650391,5.136434555053711,5.845016956329346,7.318576335906982,9.229826927185059,9.700531959533691,9.031478881835938,8.322551727294922,6.860574245452881,5.6344194412231445,4.76943826675415,4.336691379547119,3.5795886516571045,2.380601406097412,1.4111489057540894,0.08683819323778152
