lessons/derecho-2022/jet/test/narr_jet_500mb_20220512_0300z_NA_leaflet_velocity.json
{"header": {"parameterCategory": 2, "parameterNumber": 3, "parameterNumberName": "v-wind 500mb", "parameterUnit": "m/s", "nx": 141, "ny": 81, "lo1": -130.0, "la1": 60.0, "dx": 0.5, "dy": 0.5, "refTime": "2022-05-12T03:00:00", "gridUnits": "degrees"}, "data":
[rows 57 to 75 of 81, columns 43 to 85 of 141]
18.333221435546875,18.333221435546875,18.333221435546875,16.301971435546875,14.333221435546875,13.426971435546875,12.520721435546875,12.520721435546875,10.973846435546875,9.598846435546875,8.801971435546875,8.801971435546875,7.286346435546875,6.286346435546875,6.176971435546875,6.176971435546875,5.083221435546875,3.958221435546875,2.973846435546875,2.973846435546875,2.364471435546875,1.286346435546875,0.442596435546875,0.442596435546875,-0.526153564453125,-0.885528564453125,-1.307403564453125,-1.307403564453125,-2.838653564453125,-3.619903564453125,-3.963653564453125,-3.963653564453125,-4.229278564453125,-4.823028564453125,-5.838653564453125,-5.838653564453125,-6.323028564453125,-6.729278564453125,-7.666778564453125,-7.666778564453125,-10.151153564453125,-13.401153564453125,-18.246366500854492
18.333221435546875,18.333221435546875,18.333221435546875,16.301971435546875,14.333221435546875,13.426971435546875,12.520721435546875,12.520721435546875,10.973846435546875,9.598846435546875,8.801971435546875,8.801971435546875,7.286346435546875,6.286346435546875,6.176971435546875,6.176971435546875,5.083221435546875,3.958221435546875,2.973846435546875,2.973846435546875,2.364471435546875,1.286346435546875,0.442596435546875,0.442596435546875,-0.526153564453125,-0.885528564453125,-1.307403564453125,-2.838653564453125,-2.838653564453125,-3.619903564453125,-3.963653564453125,-4.229278564453125,-4.229278564453125,-4.823028564453125,-5.838653564453125,-6.323028564453125,-6.323028564453125,-6.729278564453125,-7.666778564453125,-10.151153564453125,-10.151153564453125,-13.401153564453125,-15.666778564453125
18.333221435546875,18.333221435546875,18.333221435546875,16.301971435546875,14.333221435546875,13.426971435546875,12.520721435546875,12.520721435546875,10.973846435546875,9.598846435546875,8.801971435546875,8.801971435546875,7.286346435546875,6.286346435546875,6.176971435546875,6.176971435546875,5.083221435546875,3.958221435546875,2.973846435546875,2.973846435546875,2.364471435546875,1.286346435546875,0.442596435546875,-0.526153564453125,-0.526153564453125,-0.885528564453125,-1.307403564453125,-2.838653564453125,-2.838653564453125,-3.619903564453125,-3.963653564453125,-4.229278564453125,-4.229278564453125,-4.823028564453125,-5.838653564453125,-6.323028564453125,-6.323028564453125,-6.729278564453125,-7.666778564453125,-10.151153564453125,-13.401153564453125,-13.401153564453125,-15.666778564453125
18.333221435546875,18.333221435546875,18.333221435546875,16.301971435546875,14.333221435546875,13.426971435546875,12.520721435546875,12.520721435546875,10.973846435546875,9.598846435546875,8.801971435546875,8.801971435546875,7.286346435546875,6.286346435546875,6.176971435546875,6.176971435546875,5.083221435546875,3.958221435546875,2.973846435546875,2.364471435546875,2.364471435546875,1.286346435546875,0.442596435546875,-0.526153564453125,-0.526153564453125,-0.885528564453125,-1.307403564453125,-2.838653564453125,-2.838653564453125,-3.619903564453125,-3.963653564453125,-4.229278564453125,-4.823028564453125,-4.823028564453125,-5.838653564453125,-6.323028564453125,-6.729278564453125,-6.729278564453125,-7.666778564453125,-10.151153564453125,-13.401153564453125,-13.401153564453125,-15.666778564453125
18.333221435546875,18.333221435546875,18.333221435546875,16.301971435546875,14.333221435546875,13.426971435546875,12.520721435546875,12.520721435546875,10.973846435546875,9.598846435546875,8.801971435546875,8.801971435546875,7.286346435546875,6.286346435546875,6.176971435546875,5.083221435546875,5.083221435546875,3.958221435546875,2.973846435546875,2.364471435546875,2.364471435546875,1.286346435546875,0.442596435546875,-0.526153564453125,-0.885528564453125,-0.885528564453125,-1.307403564453125,-2.838653564453125,-3.619903564453125,-3.619903564453125,-3.963653564453125,-4.229278564453125,-4.823028564453125,-4.823028564453125,-5.838653564453125,-6.323028564453125,-6.729278564453125,-7.666778564453125,-7.666778564453125,-10.151153564453125,-13.401153564453125,-15.666778564453125,-15.666778564453125
18.333221435546875,18.333221435546875,18.333221435546875,16.301971435546875,14.333221435546875,13.426971435546875,12.520721435546875,12.520721435546875,10.973846435546875,9.598846435546875,8.801971435546875,8.801971435546875,7.286346435546875,6.286346435546875,6.176971435546875,5.083221435546875,5.083221435546875,3.958221435546875,2.973846435546875,2.364471435546875,2.364471435546875,1.286346435546875,0.442596435546875,-0.526153564453125,-0.885528564453125,-0.885528564453125,-1.307403564453125,-2.838653564453125,-3.619903564453125,-3.963653564453125,-3.963653564453125,-4.229278564453125,-4.823028564453125,-5.838653564453125,-5.838653564453125,-6.323028564453125,-6.729278564453125,-7.666778564453125,-10.151153564453125,-10.151153564453125,-13.401153564453125,-15.666778564453125,-18.807403564453125
18.333221435546875,18.333221435546875,18.333221435546875,16.301971435546875,14.333221435546875,13.426971435546875,12.520721435546875,12.520721435546875,10.973846435546875,9.598846435546875,8.801971435546875,7.286346435546875,7.286346435546875,6.286346435546875,6.176971435546875,5.083221435546875,5.083221435546875,3.958221435546875,2.973846435546875,2.364471435546875,1.286346435546875,1.286346435546875,0.442596435546875,-0.526153564453125,-0.885528564453125,-0.885528564453125,-1.307403564453125,-2.838653564453125,-3.619903564453125,-3.963653564453125,-3.963653564453125,-4.229278564453125,-4.823028564453125,-5.838653564453125,-6.323028564453125,-6.323028564453125,-6.729278564453125,-7.666778564453125,-10.151153564453125,-10.151153564453125,-13.401153564453125,-15.666778564453125,-18.807403564453125
18.333221435546875,18.333221435546875,18.333221435546875,16.301971435546875,14.333221435546875,13.426971435546875,12.520721435546875,12.520721435546875,10.973846435546875,9.598846435546875,8.801971435546875,7.286346435546875,7.286346435546875,6.286346435546875,6.176971435546875,5.083221435546875,3.958221435546875,3.958221435546875,2.973846435546875,2.364471435546875,1.286346435546875,1.286346435546875,0.442596435546875,-0.526153564453125,-0.885528564453125,-1.307403564453125,-1.307403564453125,-2.838653564453125,-3.619903564453125,-3.963653564453125,-4.229278564453125,-4.229278564453125,-4.823028564453125,-5.838653564453125,-6.323028564453125,-6.323028564453125,-6.729278564453125,-7.666778564453125,-10.151153564453125,-13.401153564453125,-13.401153564453125,-15.666778564453125,-18.807403564453125
18.333221435546875,18.333221435546875,18.333221435546875,16.301971435546875,14.333221435546875,13.426971435546875,12.520721435546875,12.520721435546875,10.973846435546875,9.598846435546875,8.801971435546875,7.286346435546875,7.286346435546875,6.286346435546875,6.176971435546875,5.083221435546875,3.958221435546875,3.958221435546875,2.973846435546875,2.364471435546875,1.286346435546875,0.442596435546875,0.442596435546875,-0.526153564453125,-0.885528564453125,-1.307403564453125,-1.307403564453125,-2.838653564453125,-3.619903564453125,-3.963653564453125,-4.229278564453125,-4.229278564453125,-4.823028564453125,-5.838653564453125,-6.323028564453125,-6.729278564453125,-6.729278564453125,-7.666778564453125,-10.151153564453125,-13.401153564453125,-15.666778564453125,-15.666778564453125,-18.807403564453125
18.333221435546875,18.333221435546875,18.333221435546875,16.301971435546875,14.333221435546875,13.426971435546875,12.520721435546875,12.520721435546875,10.973846435546875,9.598846435546875,8.801971435546875,7.286346435546875,7.286346435546875,6.286346435546875,6.176971435546875,5.083221435546875,3.958221435546875,3.958221435546875,2.973846435546875,2.364471435546875,1.286346435546875,0.442596435546875,0.442596435546875,-0.526153564453125,-0.885528564453125,-1.307403564453125,-2.838653564453125,-2.838653564453125,-3.619903564453125,-3.963653564453125,-4.229278564453125,-4.823028564453125,-4.823028564453125,-5.838653564453125,-6.323028564453125,-6.729278564453125,-7.666778564453125,-7.666778564453125,-10.151153564453125,-13.401153564453125,-15.666778564453125,-18.807403564453125,-18.807403564453125
18.333221435546875,18.333221435546875,18.333221435546875,16.301971435546875,14.333221435546875,13.426971435546875,12.520721435546875,12.520721435546875,10.973846435546875,9.598846435546875,8.801971435546875,7.286346435546875,7.286346435546875,6.286346435546875,6.176971435546875,5.083221435546875,3.958221435546875,3.958221435546875,2.973846435546875,2.364471435546875,1.286346435546875,0.442596435546875,-0.526153564453125,-0.526153564453125,-0.885528564453125,-1.307403564453125,-2.838653564453125,-3.619903564453125,-3.619903564453125,-3.963653564453125,-4.229278564453125,-4.823028564453125,-5.838653564453125,-5.838653564453125,-6.323028564453125,-6.729278564453125,-7.666778564453125,-10.151153564453125,-10.151153564453125,-13.401153564453125,-15.666778564453125,-18.807403564453125,-20.338653564453125
18.333221435546875,18.333221435546875,18.333221435546875,16.301971435546875,14.333221435546875,13.426971435546875,12.520721435546875,12.520721435546875,10.973846435546875,9.598846435546875,8.801971435546875,7.286346435546875,6.286346435546875,6.286346435546875,6.176971435546875,5.083221435546875,3.958221435546875,2.973846435546875,2.973846435546875,2.364471435546875,1.286346435546875,0.442596435546875,-0.526153564453125,-0.526153564453125,-0.885528564453125,-1.307403564453125,-2.838653564453125,-3.619903564453125,-3.619903564453125,-3.963653564453125,-4.229278564453125,-4.823028564453125,-5.838653564453125,-5.838653564453125,-6.323028564453125,-6.729278564453125,-7.666778564453125,-10.151153564453125,-13.401153564453125,-13.401153564453125,-15.666778564453125,-18.807403564453125,-20.338653564453125
18.333221435546875,18.333221435546875,18.333221435546875,16.301971435546875,14.333221435546875,13.426971435546875,12.520721435546875,10.973846435546875,10.973846435546875,9.598846435546875,8.801971435546875,7.286346435546875,6.286346435546875,6.286346435546875,6.176971435546875,5.083221435546875,3.958221435546875,2.973846435546875,2.973846435546875,2.364471435546875,1.286346435546875,0.442596435546875,-0.526153564453125,-0.885528564453125,-0.885528564453125,-1.307403564453125,-2.838653564453125,-3.619903564453125,-3.963653564453125,-3.963653564453125,-4.229278564453125,-4.823028564453125,-5.838653564453125,-6.323028564453125,-6.323028564453125,-6.729278564453125,-7.666778564453125,-10.151153564453125,-13.401153564453125,-15.666778564453125,-15.666778564453125,-18.807403564453125,-20.338653564453125
18.333221435546875,18.333221435546875,18.333221435546875,16.301971435546875,14.333221435546875,13.426971435546875,12.520721435546875,10.973846435546875,10.973846435546875,9.598846435546875,8.801971435546875,7.286346435546875,6.286346435546875,6.286346435546875,6.176971435546875,5.083221435546875,3.958221435546875,2.973846435546875,2.364471435546875,2.364471435546875,1.286346435546875,0.442596435546875,-0.526153564453125,-0.885528564453125,-0.885528564453125,-1.307403564453125,-2.838653564453125,-3.619903564453125,-3.963653564453125,-4.229278564453125,-4.229278564453125,-4.823028564453125,-5.838653564453125,-6.323028564453125,-6.729278564453125,-6.729278564453125,-7.666778564453125,-10.151153564453125,-13.401153564453125,-15.666778564453125,-18.807403564453125,-18.807403564453125,-20.338653564453125
18.333221435546875,18.333221435546875,18.333221435546875,16.301971435546875,14.333221435546875,13.426971435546875,12.520721435546875,10.973846435546875,10.973846435546875,9.598846435546875,8.801971435546875,7.286346435546875,6.286346435546875,6.286346435546875,6.176971435546875,5.083221435546875,3.958221435546875,2.973846435546875,2.364471435546875,2.364471435546875,1.286346435546875,0.442596435546875,-0.526153564453125,-0.885528564453125,-1.307403564453125,-1.307403564453125,-2.838653564453125,-3.619903564453125,-3.963653564453125,-4.229278564453125,-4.229278564453125,-4.823028564453125,-5.838653564453125,-6.323028564453125,-6.729278564453125,-7.666778564453125,-7.666778564453125,-10.151153564453125,-13.401153564453125,-15.666778564453125,-18.807403564453125,-20.338653564453125,-20.338653564453125
18.333221435546875,18.333221435546875,18.333221435546875,16.301971435546875,14.333221435546875,13.426971435546875,12.520721435546875,10.973846435546875,10.973846435546875,9.598846435546875,8.801971435546875,7.286346435546875,6.286346435546875,6.176971435546875,6.176971435546875,5.083221435546875,3.958221435546875,2.973846435546875,2.364471435546875,2.364471435546875,1.286346435546875,0.442596435546875,-0.526153564453125,-0.885528564453125,-1.307403564453125,-1.307403564453125,-2.838653564453125,-3.619903564453125,-3.963653564453125,-4.229278564453125,-4.823028564453125,-4.823028564453125,-5.838653564453125,-6.323028564453125,-6.729278564453125,-7.666778564453125,-10.151153564453125,-10.151153564453125,-13.401153564453125,-15.666778564453125,-18.807403564453125,-20.338653564453125,-22.104278564453125
18.333221435546875,18.333221435546875,18.333221435546875,16.301971435546875,14.333221435546875,13.426971435546875,12.520721435546875,10.973846435546875,10.973846435546875,9.598846435546875,8.801971435546875,7.286346435546875,6.286346435546875,6.176971435546875,6.176971435546875,5.083221435546875,3.958221435546875,2.973846435546875,2.364471435546875,1.286346435546875,1.286346435546875,0.442596435546875,-0.526153564453125,-0.885528564453125,-1.307403564453125,-2.838653564453125,-2.838653564453125,-3.619903564453125,-3.963653564453125,-4.229278564453125,-4.823028564453125,-5.838653564453125,-5.838653564453125,-6.323028564453125,-6.729278564453125,-7.666778564453125,-10.151153564453125,-13.401153564453125,-13.401153564453125,-15.666778564453125,-18.807403564453125,-20.338653564453125,-22.104278564453125
18.333221435546875,18.333221435546875,18.333221435546875,16.301971435546875,14.333221435546875,13.426971435546875,12.520721435546875,10.973846435546875,10.973846435546875,9.598846435546875,8.801971435546875,7.286346435546875,6.286346435546875,6.176971435546875,6.176971435546875,5.083221435546875,3.958221435546875,2.973846435546875,2.364471435546875,1.286346435546875,0.442596435546875,0.442596435546875,-0.526153564453125,-0.885528564453125,-1.307403564453125,-2.838653564453125,-3.619903564453125,-3.619903564453125,-3.963653564453125,-4.229278564453125,-4.823028564453125,-5.838653564453125,-6.323028564453125,-6.323028564453125,-6.729278564453125,-7.666778564453125,-10.151153564453125,-13.401153564453125,-15.666778564453125,-15.666778564453125,-18.807403564453125,-20.338653564453125,-22.104278564453125
18.333221435546875,18.333221435546875,18.333221435546875,16.301971435546875,14.333221435546875,13.426971435546875,12.520721435546875,10.973846435546875,10.973846435546875,9.598846435546875,8.801971435546875,7.286346435546875,6.286346435546875,6.176971435546875,5.083221435546875,5.083221435546875,3.958221435546875,2.973846435546875,2.364471435546875,1.286346435546875,0.442596435546875,0.442596435546875,-0.526153564453125,-0.885528564453125,-1.307403564453125,-2.838653564453125,-3.619903564453125,-3.963653564453125,-3.963653564453125,-4.229278564453125,-4.823028564453125,-5.838653564453125,-6.323028564453125,-6.729278564453125,-6.729278564453125,-7.666778564453125,-10.151153564453125,-13.401153564453125,-15.666778564453125,-18.807403564453125,-18.807403564453125,-20.338653564453125,-22.104278564453125
